	1	1	2e+10
	2	2	2e+10
	3	3	2e+11
	4	4	2e+11
	5	5	2e+10
	6	6	2e+10
	7	7	2e+11
	8	8	2e+11
	9	9	2e+10
	10	10	2e+10
	11	11	2e+11
	12	12	2e+11
	13	13	2e+10
	14	14	2e+10
	15	15	2e+11
	16	16	2e+11
	17	17	2e+10
	18	18	2e+10
	19	19	2e+11
	20	20	2e+11
	21	21	2e+10
	22	22	2e+10
	23	23	2e+11
	24	24	2e+11
	25	25	2e+10
	26	26	2e+10
	27	27	2e+11
	28	28	2e+11
	29	29	2e+10
	30	30	2e+10
	31	31	2e+11
	32	32	2e+11
	33	33	2e+10
	34	34	2e+10
	35	35	2e+11
	36	36	2e+11
	37	37	2e+10
	38	38	2e+10
	39	39	2e+11
	40	40	2e+11
	41	41	2e+10
	42	42	2e+10
	43	43	2e+11
	44	44	2e+11
	45	45	2e+10
	46	46	2e+10
	47	47	2e+11
	48	48	2e+11
	49	49	2e+10
	50	50	2e+10
	51	51	2e+11
	52	52	2e+11
	53	53	2e+10
	54	54	2e+10
	55	55	2e+11
	56	56	2e+11
	57	57	2e+10
	58	58	2e+10
	59	59	2e+11
	60	60	2e+11
	61	61	2e+10
	62	62	2e+10
	63	63	2e+11
	64	64	2e+11
	65	65	2e+10
	66	66	2e+10
	67	67	2e+11
	68	68	2e+11
	69	69	2e+10
	70	70	2e+10
	71	71	2e+11
	72	72	2e+11
	73	73	2e+10
	74	74	2e+10
	75	75	2e+11
	76	76	2e+11
	77	77	2e+10
	78	78	2e+10
	79	79	2e+11
	80	80	2e+11
	81	81	2e+10
	82	82	2e+10
	83	83	2e+11
	84	84	2e+11
	85	85	2e+10
	86	86	2e+10
	87	87	2e+11
	88	88	2e+11
	89	89	2e+10
	90	90	2e+10
	91	91	2e+11
	92	92	2e+11
	93	93	2e+10
	94	94	2e+10
	95	95	2e+11
	96	96	2e+11
	97	97	2e+10
	98	98	2e+10
	99	99	2e+11
	100	100	2e+11
	101	101	2e+10
	102	102	2e+10
	103	103	2e+11
	104	104	2e+11
	105	105	2e+10
	106	106	2e+10
	107	107	2e+11
	108	108	2e+11
	109	109	2e+10
	110	110	2e+10
	111	111	2e+11
	112	112	2e+11
	113	113	2e+10
	114	114	2e+10
	115	115	2e+11
	116	116	2e+11
	117	117	2e+10
	118	118	2e+10
	119	119	2e+11
	120	120	2e+11
	121	121	2e+10
	122	122	2e+10
	123	123	2e+11
	124	124	2e+11
	125	125	2e+10
	126	126	2e+10
	127	127	2e+11
	128	128	2e+11
	129	129	2e+10
	130	130	2e+10
	131	131	2e+11
	132	132	2e+11
	133	133	2e+10
	134	134	2e+10
	135	135	2e+11
	136	136	2e+11
	137	137	2e+10
	138	138	2e+10
	139	139	2e+11
	140	140	2e+11
	141	141	2e+10
	142	142	2e+10
	143	143	2e+11
	144	144	2e+11
	145	145	2e+10
	146	146	2e+10
	147	147	2e+11
	148	148	2e+11
	149	149	2e+10
	150	150	2e+10
	151	151	2e+11
	152	152	2e+11
	153	153	2e+10
	154	154	2e+10
	155	155	2e+11
	156	156	2e+11
	157	157	2e+10
	158	158	2e+10
	159	159	2e+11
	160	160	2e+11
	161	161	2e+10
	162	162	2e+10
	163	163	2e+11
	164	164	2e+11
	165	165	2e+10
	166	166	2e+10
	167	167	2e+11
	168	168	2e+11
	169	169	2e+10
	170	170	2e+10
	171	171	2e+11
	172	172	2e+11
	173	173	2e+10
	174	174	2e+10
	175	175	2e+11
	176	176	2e+11
	177	177	2e+10
	178	178	2e+10
	179	179	2e+11
	180	180	2e+11
	181	181	2e+10
	182	182	2e+10
	183	183	2e+11
	184	184	2e+11
	185	185	2e+10
	186	186	2e+10
	187	187	2e+11
	188	188	2e+11
	189	189	2e+10
	190	190	2e+10
	191	191	2e+11
	192	192	2e+11
	193	193	2e+10
	194	194	2e+10
	195	195	2e+11
	196	196	2e+11
	197	197	2e+10
	198	198	2e+10
	199	199	2e+11
	200	200	2e+11
	201	201	2e+10
	202	202	2e+10
	203	203	2e+11
	204	204	2e+11
	205	205	2e+10
	206	206	2e+10
	207	207	2e+11
	208	208	2e+11
	209	209	2e+10
	210	210	2e+10
	211	211	2e+11
	212	212	2e+11
	213	213	2e+10
	214	214	2e+10
	215	215	2e+11
	216	216	2e+11
	217	217	2e+10
	218	218	2e+10
	219	219	2e+11
	220	220	2e+11
	221	221	2e+10
	222	222	2e+10
	223	223	2e+11
	224	224	2e+11
	225	225	2e+10
	226	226	2e+10
	227	227	2e+11
	228	228	2e+11
	229	229	2e+10
	230	230	2e+10
	231	231	2e+11
	232	232	2e+11
	233	233	2e+10
	234	234	2e+10
	235	235	2e+11
	236	236	2e+11
	237	237	2e+10
	238	238	2e+10
	239	239	2e+11
	240	240	2e+11
	241	241	2e+10
	242	242	2e+10
	243	243	2e+11
	244	244	2e+11
	245	245	2e+10
	246	246	2e+10
	247	247	2e+11
	248	248	2e+11
	249	249	2e+10
	250	250	2e+10
	251	251	2e+11
	252	252	2e+11
	253	253	2e+10
	254	254	2e+10
	255	255	2e+11
	256	256	2e+11
	257	257	2e+10
	258	258	2e+10
	259	259	2e+11
	260	260	2e+11
	261	261	2e+10
	262	262	2e+10
	263	263	2e+11
	264	264	2e+11
	265	265	2e+10
	266	266	2e+10
	267	267	2e+11
	268	268	2e+11
	269	269	2e+10
	270	270	2e+10
	271	271	2e+11
	272	272	2e+11
	273	273	2e+10
	274	274	2e+10
	275	275	2e+11
	276	276	2e+11
	277	277	2e+10
	278	278	2e+10
	279	279	2e+11
	280	280	2e+11
	281	281	2e+10
	282	282	2e+10
	283	283	2e+11
	284	284	2e+11
	285	285	2e+10
	286	286	2e+10
	287	287	2e+11
	288	288	2e+11
	289	289	2e+10
	290	290	2e+10
	291	291	2e+11
	292	292	2e+11
	293	293	2e+10
	294	294	2e+10
	295	295	2e+11
	296	296	2e+11
	297	297	2e+10
	298	298	2e+10
	299	299	2e+11
	300	300	2e+11
	301	301	2e+10
	302	302	2e+10
	303	303	2e+11
	304	304	2e+11
	305	305	2e+10
	306	306	2e+10
	307	307	2e+11
	308	308	2e+11
	309	309	2e+10
	310	310	2e+10
	311	311	2e+11
	312	312	2e+11
	313	313	2e+10
	314	314	2e+10
	315	315	2e+11
	316	316	2e+11
	317	317	2e+10
	318	318	2e+10
	319	319	2e+11
	320	320	2e+11
	321	321	2e+10
	322	322	2e+10
	323	323	2e+11
	324	324	2e+11
	325	325	2e+10
	326	326	2e+10
	327	327	2e+11
	328	328	2e+11
	329	329	2e+10
	330	330	2e+10
	331	331	2e+11
	332	332	2e+11
	333	333	2e+10
	334	334	2e+10
	335	335	2e+11
	336	336	2e+11
	337	337	2e+10
	338	338	2e+10
	339	339	2e+11
	340	340	2e+11
	341	341	2e+10
	342	342	2e+10
	343	343	2e+11
	344	344	2e+11
	345	345	2e+10
	346	346	2e+10
	347	347	2e+11
	348	348	2e+11
	349	349	2e+10
	350	350	2e+10
	351	351	2e+11
	352	352	2e+11
	353	353	2e+10
	354	354	2e+10
	355	355	2e+11
	356	356	2e+11
	357	357	2e+10
	358	358	2e+10
	359	359	2e+11
	360	360	2e+11
	361	361	2e+10
	362	362	2e+10
	363	363	2e+11
	364	364	2e+11
	365	365	2e+10
	366	366	2e+10
	367	367	2e+11
	368	368	2e+11
	369	369	2e+10
	370	370	2e+10
	371	371	2e+11
	372	372	2e+11
	373	373	2e+10
	374	374	2e+10
	375	375	2e+11
	376	376	2e+11
	377	377	2e+10
	378	378	2e+10
	379	379	2e+11
	380	380	2e+11
	381	381	2e+10
	382	382	2e+10
	383	383	2e+11
	384	384	2e+11
	385	385	2e+10
	386	386	2e+10
	387	387	2e+11
	388	388	2e+11
	389	389	2e+10
	390	390	2e+10
	391	391	2e+11
	392	392	2e+11
	393	393	2e+10
	394	394	2e+10
	395	395	2e+11
	396	396	2e+11
	397	397	2e+10
	398	398	2e+10
	399	399	2e+11
	400	400	2e+11
	401	401	2e+10
	402	402	2e+10
	403	403	2e+11
	404	404	2e+11
	405	405	2e+10
	406	406	2e+10
	407	407	2e+11
	408	408	2e+11
	409	409	2e+10
	410	410	2e+10
	411	411	2e+11
	412	412	2e+11
	413	413	2e+10
	414	414	2e+10
	415	415	2e+11
	416	416	2e+11
	417	417	2e+10
	418	418	2e+10
	419	419	2e+11
	420	420	2e+11
	421	421	2e+10
	422	422	2e+10
	423	423	2e+11
	424	424	2e+11
	425	425	2e+10
	426	426	2e+10
	427	427	2e+11
	428	428	2e+11
	429	429	2e+10
	430	430	2e+10
	431	431	2e+11
	432	432	2e+11
	433	433	2e+10
	434	434	2e+10
	435	435	2e+11
	436	436	2e+11
	437	437	2e+10
	438	438	2e+10
	439	439	2e+11
	440	440	2e+11
	441	441	2e+10
	442	442	2e+10
	443	443	2e+11
	444	444	2e+11
	445	445	2e+10
	446	446	2e+10
	447	447	2e+11
	448	448	2e+11
	449	449	2e+10
	450	450	2e+10
	451	451	2e+11
	452	452	2e+11
	453	453	2e+10
	454	454	2e+10
	455	455	2e+11
	456	456	2e+11
	457	457	2e+10
	458	458	2e+10
	459	459	2e+11
	460	460	2e+11
	461	461	2e+10
	462	462	2e+10
	463	463	2e+11
	464	464	2e+11
	465	465	2e+10
	466	466	2e+10
	467	467	2e+11
	468	468	2e+11
	469	469	2e+10
	470	470	2e+10
	471	471	2e+11
	472	472	2e+11
	473	473	2e+10
	474	474	2e+10
	475	475	2e+11
	476	476	2e+11
	477	477	2e+10
	478	478	2e+10
	479	479	2e+11
	480	480	2e+11
	481	481	2e+10
	482	482	2e+10
	483	483	2e+11
	484	484	2e+11
	485	485	2e+10
	486	486	2e+10
	487	487	2e+11
	488	488	2e+11
	489	489	2e+10
	490	490	2e+10
	491	491	2e+11
	492	492	2e+11
	493	493	2e+10
	494	494	2e+10
	495	495	2e+11
	496	496	2e+11
	497	497	2e+10
	498	498	2e+10
	499	499	2e+11
	500	500	2e+11
	501	501	2e+10
	502	502	2e+10
	503	503	2e+11
	504	504	2e+11
	505	505	2e+10
	506	506	2e+10
	507	507	2e+11
	508	508	2e+11
	509	509	2e+10
	510	510	2e+10
	511	511	2e+11
	512	512	2e+11
	513	513	2e+10
	514	514	2e+10
	515	515	2e+11
	516	516	2e+11
	517	517	2e+10
	518	518	2e+10
	519	519	2e+11
	520	520	2e+11
	521	521	2e+10
	522	522	2e+10
	523	523	2e+11
	524	524	2e+11
	525	525	2e+10
	526	526	2e+10
	527	527	2e+11
	528	528	2e+11
	529	529	2e+10
	530	530	2e+10
	531	531	2e+11
	532	532	2e+11
	533	533	2e+10
	534	534	2e+10
	535	535	2e+11
	536	536	2e+11
	537	537	2e+10
	538	538	2e+10
	539	539	2e+11
	540	540	2e+11
	541	541	2e+10
	542	542	2e+10
	543	543	2e+11
	544	544	2e+11
	545	545	2e+10
	546	546	2e+10
	547	547	2e+11
	548	548	2e+11
	549	549	2e+10
	550	550	2e+10
	551	551	2e+11
	552	552	2e+11
	553	553	2e+10
	554	554	2e+10
	555	555	2e+11
	556	556	2e+11
	557	557	2e+10
	558	558	2e+10
	559	559	2e+11
	560	560	2e+11
	561	561	2e+10
	562	562	2e+10
	563	563	2e+11
	564	564	2e+11
	565	565	2e+10
	566	566	2e+10
	567	567	2e+11
	568	568	2e+11
	569	569	2e+10
	570	570	2e+10
	571	571	2e+11
	572	572	2e+11
	573	573	2e+10
	574	574	2e+10
	575	575	2e+11
	576	576	2e+11
	577	577	2e+10
	578	578	2e+10
	579	579	2e+11
	580	580	2e+11
	581	581	2e+10
	582	582	2e+10
	583	583	2e+11
	584	584	2e+11
	585	585	2e+10
	586	586	2e+10
	587	587	2e+11
	588	588	2e+11
	589	589	2e+10
	590	590	2e+10
	591	591	2e+11
	592	592	2e+11
	593	593	2e+10
	594	594	2e+10
	595	595	2e+11
	596	596	2e+11
	597	597	2e+10
	598	598	2e+10
	599	599	2e+11
	600	600	2e+11
	601	601	2e+10
	602	602	2e+10
	603	603	2e+11
	604	604	2e+11
	605	605	2e+10
	606	606	2e+10
	607	607	2e+11
	608	608	2e+11
	609	609	2e+10
	610	610	2e+10
	611	611	2e+11
	612	612	2e+11
	613	613	2e+10
	614	614	2e+10
	615	615	2e+11
	616	616	2e+11
	617	617	2e+10
	618	618	2e+10
	619	619	2e+11
	620	620	2e+11
	621	621	2e+10
	622	622	2e+10
	623	623	2e+11
	624	624	2e+11
	625	625	2e+10
	626	626	2e+10
	627	627	2e+11
	628	628	2e+11
	629	629	2e+10
	630	630	2e+10
	631	631	2e+11
	632	632	2e+11
	633	633	2e+10
	634	634	2e+10
	635	635	2e+11
	636	636	2e+11
	637	637	2e+10
	638	638	2e+10
	639	639	2e+11
	640	640	2e+11
	641	641	2e+10
	642	642	2e+10
	643	643	2e+11
	644	644	2e+11
	645	645	2e+10
	646	646	2e+10
	647	647	2e+11
	648	648	2e+11
	649	649	2e+10
	650	650	2e+10
	651	651	2e+11
	652	652	2e+11
	653	653	2e+10
	654	654	2e+10
	655	655	2e+11
	656	656	2e+11
	657	657	2e+10
	658	658	2e+10
	659	659	2e+11
	660	660	2e+11
	661	661	2e+10
	662	662	2e+10
	663	663	2e+11
	664	664	2e+11
	665	665	2e+10
	666	666	2e+10
	667	667	2e+11
	668	668	2e+11
	669	669	2e+10
	670	670	2e+10
	671	671	2e+11
	672	672	2e+11
	673	673	2e+10
	674	674	2e+10
	675	675	2e+11
	676	676	2e+11
	677	677	2e+10
	678	678	2e+10
	679	679	2e+11
	680	680	2e+11
	681	681	2e+10
	682	682	2e+10
	683	683	2e+11
	684	684	2e+11
	685	685	2e+10
	686	686	2e+10
	687	687	2e+11
	688	688	2e+11
	689	689	2e+10
	690	690	2e+10
	691	691	2e+11
	692	692	2e+11
	693	693	2e+10
	694	694	2e+10
	695	695	2e+11
	696	696	2e+11
	697	697	2e+10
	698	698	2e+10
	699	699	2e+11
	700	700	2e+11
	701	701	2e+10
	702	702	2e+10
	703	703	2e+11
	704	704	2e+11
	705	705	2e+10
	706	706	2e+10
	707	707	2e+11
	708	708	2e+11
	709	709	2e+10
	710	710	2e+10
	711	711	2e+11
	712	712	2e+11
	713	713	2e+10
	714	714	2e+10
	715	715	2e+11
	716	716	2e+11
	717	717	2e+10
	718	718	2e+10
	719	719	2e+11
	720	720	2e+11
	721	721	2e+10
	722	722	2e+10
	723	723	2e+11
	724	724	2e+11
	725	725	2e+10
	726	726	2e+10
	727	727	2e+11
	728	728	2e+11
	729	729	2e+10
	730	730	2e+10
	731	731	2e+11
	732	732	2e+11
	733	733	2e+10
	734	734	2e+10
	735	735	2e+11
	736	736	2e+11
	737	737	2e+10
	738	738	2e+10
	739	739	2e+11
	740	740	2e+11
	741	741	2e+10
	742	742	2e+10
	743	743	2e+11
	744	744	2e+11
	745	745	2e+10
	746	746	2e+10
	747	747	2e+11
	748	748	2e+11
	749	749	2e+10
	750	750	2e+10
	751	751	2e+11
	752	752	2e+11
	753	753	2e+10
	754	754	2e+10
	755	755	2e+11
	756	756	2e+11
	757	757	2e+10
	758	758	2e+10
	759	759	2e+11
	760	760	2e+11
	761	761	2e+10
	762	762	2e+10
	763	763	2e+11
	764	764	2e+11
	765	765	2e+10
	766	766	2e+10
	767	767	2e+11
	768	768	2e+11
	769	769	2e+10
	770	770	2e+10
	771	771	2e+11
	772	772	2e+11
	773	773	2e+10
	774	774	2e+10
	775	775	2e+11
	776	776	2e+11
	777	777	2e+10
	778	778	2e+10
	779	779	2e+11
	780	780	2e+11
	781	781	2e+10
	782	782	2e+10
	783	783	2e+11
	784	784	2e+11
	785	785	2e+10
	786	786	2e+10
	787	787	2e+11
	788	788	2e+11
	789	789	2e+10
	790	790	2e+10
	791	791	2e+11
	792	792	2e+11
	793	793	2e+10
	794	794	2e+10
	795	795	2e+11
	796	796	2e+11
	797	797	2e+10
	798	798	2e+10
	799	799	2e+11
	800	800	2e+11
	801	801	2e+10
	802	802	2e+10
	803	803	2e+11
	804	804	2e+11
	805	805	2e+10
	806	806	2e+10
	807	807	2e+11
	808	808	2e+11
	809	809	2e+10
	810	810	2e+10
	811	811	2e+11
	812	812	2e+11
	813	813	2e+10
	814	814	2e+10
	815	815	2e+11
	816	816	2e+11
	817	817	2e+10
	818	818	2e+10
	819	819	2e+11
	820	820	2e+11
	821	821	2e+10
	822	822	2e+10
	823	823	2e+11
	824	824	2e+11
	825	825	2e+10
	826	826	2e+10
	827	827	2e+11
	828	828	2e+11
	829	829	2e+10
	830	830	2e+10
	831	831	2e+11
	832	832	2e+11
	833	833	2e+10
	834	834	2e+10
	835	835	2e+11
	836	836	2e+11
	837	837	2e+10
	838	838	2e+10
	839	839	2e+11
	840	840	2e+11
	841	841	2e+10
	842	842	2e+10
	843	843	2e+11
	844	844	2e+11
	845	845	2e+10
	846	846	2e+10
	847	847	2e+11
	848	848	2e+11
	849	849	2e+10
	850	850	2e+10
	851	851	2e+11
	852	852	2e+11
	853	853	2e+10
	854	854	2e+10
	855	855	2e+11
	856	856	2e+11
	857	857	2e+10
	858	858	2e+10
	859	859	2e+11
	860	860	2e+11
	861	861	2e+10
	862	862	2e+10
	863	863	2e+11
	864	864	2e+11
	865	865	2e+10
	866	866	2e+10
	867	867	2e+11
	868	868	2e+11
	869	869	2e+10
	870	870	2e+10
	871	871	2e+11
	872	872	2e+11
	873	873	2e+10
	874	874	2e+10
	875	875	2e+11
	876	876	2e+11
	877	877	2e+10
	878	878	2e+10
	879	879	2e+11
	880	880	2e+11
	881	881	2e+10
	882	882	2e+10
	883	883	2e+11
	884	884	2e+11
	885	885	2e+10
	886	886	2e+10
	887	887	2e+11
	888	888	2e+11
	889	889	2e+10
	890	890	2e+10
	891	891	2e+11
	892	892	2e+11
	893	893	2e+10
	894	894	2e+10
	895	895	2e+11
	896	896	2e+11
	897	897	2e+10
	898	898	2e+10
	899	899	2e+11
	900	900	2e+11
	901	901	2e+10
	902	902	2e+10
	903	903	2e+11
	904	904	2e+11
	905	905	2e+10
	906	906	2e+10
	907	907	2e+11
	908	908	2e+11
	909	909	2e+10
	910	910	2e+10
	911	911	2e+11
	912	912	2e+11
	913	913	2e+10
	914	914	2e+10
	915	915	2e+11
	916	916	2e+11
	917	917	2e+10
	918	918	2e+10
	919	919	2e+11
	920	920	2e+11
	921	921	2e+10
	922	922	2e+10
	923	923	2e+11
	924	924	2e+11
	925	925	2e+10
	926	926	2e+10
	927	927	2e+11
	928	928	2e+11
	929	929	2e+10
	930	930	2e+10
	931	931	2e+11
	932	932	2e+11
	933	933	2e+10
	934	934	2e+10
	935	935	2e+11
	936	936	2e+11
	937	937	2e+10
	938	938	2e+10
	939	939	2e+11
	940	940	2e+11
	941	941	2e+10
	942	942	2e+10
	943	943	2e+11
	944	944	2e+11
	945	945	2e+10
	946	946	2e+10
	947	947	2e+11
	948	948	2e+11
	949	949	2e+10
	950	950	2e+10
	951	951	2e+11
	952	952	2e+11
	953	953	2e+10
	954	954	2e+10
	955	955	2e+11
	956	956	2e+11
	957	957	2e+10
	958	958	2e+10
	959	959	2e+11
	960	960	2e+11
	961	961	2e+10
	962	962	2e+10
	963	963	2e+11
	964	964	2e+11
	965	965	2e+10
	966	966	2e+10
	967	967	2e+11
	968	968	2e+11
	969	969	2e+10
	970	970	2e+10
	971	971	2e+11
	972	972	2e+11
	973	973	2e+10
	974	974	2e+10
	975	975	2e+11
	976	976	2e+11
	977	977	2e+10
	978	978	2e+10
	979	979	2e+11
	980	980	2e+11
	981	981	2e+10
	982	982	2e+10
	983	983	2e+11
	984	984	2e+11
	985	985	2e+10
	986	986	2e+10
	987	987	2e+11
	988	988	2e+11
	989	989	2e+10
	990	990	2e+10
	991	991	2e+11
	992	992	2e+11
	993	993	2e+10
	994	994	2e+10
	995	995	2e+11
	996	996	2e+11
	997	997	2e+10
	998	998	2e+10
	999	999	2e+11
	1000	1000	2e+11
	1001	1001	2e+10
	1002	1002	2e+10
	1003	1003	2e+11
	1004	1004	2e+11
	1005	1005	2e+10
	1006	1006	2e+10
	1007	1007	2e+11
	1008	1008	2e+11
	1009	1009	2e+10
	1010	1010	2e+10
	1011	1011	2e+11
	1012	1012	2e+11
	1013	1013	2e+10
	1014	1014	2e+10
	1015	1015	2e+11
	1016	1016	2e+11
	1017	1017	2e+10
	1018	1018	2e+10
	1019	1019	2e+11
	1020	1020	2e+11
	1021	1021	2e+10
	1022	1022	2e+10
	1023	1023	2e+11
	1024	1024	2e+11
	1025	1025	2e+10
	1026	1026	2e+10
	1027	1027	2e+11
	1028	1028	2e+11
	1029	1029	2e+10
	1030	1030	2e+10
	1031	1031	2e+11
	1032	1032	2e+11
	1033	1033	2e+10
	1034	1034	2e+10
	1035	1035	2e+11
	1036	1036	2e+11
	1037	1037	2e+10
	1038	1038	2e+10
	1039	1039	2e+11
	1040	1040	2e+11
	1041	1041	2e+10
	1042	1042	2e+10
	1043	1043	2e+11
	1044	1044	2e+11
	1045	1045	2e+10
	1046	1046	2e+10
	1047	1047	2e+11
	1048	1048	2e+11
	1049	1049	2e+10
	1050	1050	2e+10
	1051	1051	2e+11
	1052	1052	2e+11
	1053	1053	2e+10
	1054	1054	2e+10
	1055	1055	2e+11
	1056	1056	2e+11
	1057	1057	2e+10
	1058	1058	2e+10
	1059	1059	2e+11
	1060	1060	2e+11
	1061	1061	2e+10
	1062	1062	2e+10
	1063	1063	2e+11
	1064	1064	2e+11
	1065	1065	2e+10
	1066	1066	2e+10
	1067	1067	2e+11
	1068	1068	2e+11
	1069	1069	2e+10
	1070	1070	2e+10
	1071	1071	2e+11
	1072	1072	2e+11
	1073	1073	2e+10
	1074	1074	2e+10
	1075	1075	2e+11
	1076	1076	2e+11
	1077	1077	2e+10
	1078	1078	2e+10
	1079	1079	2e+11
	1080	1080	2e+11
	1081	1081	2e+10
	1082	1082	2e+10
	1083	1083	2e+11
	1084	1084	2e+11
	1085	1085	2e+10
	1086	1086	2e+10
	1087	1087	2e+11
	1088	1088	2e+11
	1089	1089	2e+10
	1090	1090	2e+10
	1091	1091	2e+11
	1092	1092	2e+11
	1093	1093	2e+10
	1094	1094	2e+10
	1095	1095	2e+11
	1096	1096	2e+11
	1097	1097	2e+10
	1098	1098	2e+10
	1099	1099	2e+11
	1100	1100	2e+11
	1101	1101	2e+10
	1102	1102	2e+10
	1103	1103	2e+11
	1104	1104	2e+11
	1105	1105	2e+10
	1106	1106	2e+10
	1107	1107	2e+11
	1108	1108	2e+11
	1109	1109	2e+10
	1110	1110	2e+10
	1111	1111	2e+11
	1112	1112	2e+11
	1113	1113	2e+10
	1114	1114	2e+10
	1115	1115	2e+11
	1116	1116	2e+11
	1117	1117	2e+10
	1118	1118	2e+10
	1119	1119	2e+11
	1120	1120	2e+11
	1121	1121	2e+10
	1122	1122	2e+10
	1123	1123	2e+11
	1124	1124	2e+11
	1125	1125	2e+10
	1126	1126	2e+10
	1127	1127	2e+11
	1128	1128	2e+11
	1129	1129	2e+10
	1130	1130	2e+10
	1131	1131	2e+11
	1132	1132	2e+11
	1133	1133	2e+10
	1134	1134	2e+10
	1135	1135	2e+11
	1136	1136	2e+11
	1137	1137	2e+10
	1138	1138	2e+10
	1139	1139	2e+11
	1140	1140	2e+11
	1141	1141	2e+10
	1142	1142	2e+10
	1143	1143	2e+11
	1144	1144	2e+11
	1145	1145	2e+10
	1146	1146	2e+10
	1147	1147	2e+11
	1148	1148	2e+11
	1149	1149	2e+10
	1150	1150	2e+10
	1151	1151	2e+11
	1152	1152	2e+11
	1153	1153	2e+10
	1154	1154	2e+10
	1155	1155	2e+11
	1156	1156	2e+11
	1157	1157	2e+10
	1158	1158	2e+10
	1159	1159	2e+11
	1160	1160	2e+11
	1161	1161	2e+10
	1162	1162	2e+10
	1163	1163	2e+11
	1164	1164	2e+11
	1165	1165	2e+10
	1166	1166	2e+10
	1167	1167	2e+11
	1168	1168	2e+11
	1169	1169	2e+10
	1170	1170	2e+10
	1171	1171	2e+11
	1172	1172	2e+11
	1173	1173	2e+10
	1174	1174	2e+10
	1175	1175	2e+11
	1176	1176	2e+11
	1177	1177	2e+10
	1178	1178	2e+10
	1179	1179	2e+11
	1180	1180	2e+11
	1181	1181	2e+10
	1182	1182	2e+10
	1183	1183	2e+11
	1184	1184	2e+11
	1185	1185	2e+10
	1186	1186	2e+10
	1187	1187	2e+11
	1188	1188	2e+11
	1189	1189	2e+10
	1190	1190	2e+10
	1191	1191	2e+11
	1192	1192	2e+11
	1193	1193	2e+10
	1194	1194	2e+10
	1195	1195	2e+11
	1196	1196	2e+11
	1197	1197	2e+10
	1198	1198	2e+10
	1199	1199	2e+11
	1200	1200	2e+11
	1	1201	22365823840.51585
	5	1201	70606180922.44087
	9	1201	51020365593.55261
	13	1201	22236986630.60178
	17	1201	70221489651.06592
	21	1201	50782023977.294975
	25	1201	22147865797.307293
	29	1201	69970178992.31206
	33	1201	50676754619.6071
	37	1201	22129474396.535248
	41	1201	69907756253.21544
	45	1201	50701681237.65301
	49	1201	22164553032.345036
	53	1201	70023939382.51768
	57	1201	50830304854.40175
	61	1201	22237240974.00039
	65	1201	70245238721.99074
	69	1201	51022961238.85197
	73	1201	22324990810.12759
	77	1201	70517138597.43303
	81	1201	51279204969.15194
	85	1201	22448269357.49661
	89	1201	70896712493.16765
	93	1201	51578278271.09456
	97	1201	22581045612.067863
	101	1201	71317591663.52727
	105	1201	51874426213.64288
	109	1201	22705031811.47186
	113	1201	71710840503.4392
	117	1201	52158860172.14821
	121	1201	22834889139.250042
	125	1201	72083171783.07472
	129	1201	52400935634.42109
	133	1201	22923137635.400013
	137	1201	72365414342.58783
	141	1201	52609698599.83324
	145	1201	23014518479.445965
	149	1201	72659908090.46948
	153	1201	52809731260.78368
	157	1201	23097370418.355648
	161	1201	72898968849.31387
	165	1201	52974055673.81182
	169	1201	23168322558.48892
	173	1201	73117339530.4379
	177	1201	53102456643.92913
	181	1201	23214127841.22455
	185	1201	73266219368.96829
	189	1201	53191128893.9
	193	1201	23245297990.957813
	197	1201	73356138581.71536
	201	1201	53226439303.34095
	205	1201	23253582521.129333
	209	1201	73372377906.30675
	213	1201	53225569994.750694
	217	1201	23250095791.469883
	221	1201	73362965520.23586
	225	1201	53199625042.65115
	229	1201	23225349392.39098
	233	1201	73283285961.43143
	237	1201	53110886400.04055
	241	1201	23174824068.557247
	245	1201	73112336295.77283
	249	1201	52970062757.608
	253	1201	23108336634.70631
	257	1201	72905225890.05789
	261	1201	52802340167.28182
	265	1201	23029609318.55665
	269	1201	72626631991.81474
	273	1201	52576324007.11202
	277	1201	22923130618.118847
	281	1201	72293343818.52486
	285	1201	52315431818.91912
	289	1201	22804938186.704212
	293	1201	71926091509.69952
	297	1201	52026843384.40553
	301	1201	22673353052.0782
	305	1201	71493399220.28246
	309	1201	51699886861.28941
	313	1201	22525599802.873665
	317	1201	71032323210.38428
	321	1201	51355128450.197334
	325	1201	22373556400.21138
	329	1201	70555135772.4786
	333	1201	51002615234.68857
	337	1201	22218263081.427483
	341	1201	70061436858.16994
	345	1201	50623573500.84279
	349	1201	22042993704.207966
	353	1201	69508925671.18198
	357	1201	50221577159.92806
	361	1201	21866619052.285995
	365	1201	68943951367.42563
	369	1201	49802344795.34642
	373	1201	21681576232.5918
	377	1201	68357577021.80922
	381	1201	49362605271.667915
	385	1201	21491029205.313854
	389	1201	67758953206.66759
	393	1201	48930108937.85464
	397	1201	21294073902.885487
	401	1201	67129816658.36705
	405	1201	48457491456.56285
	409	1201	21083130172.623417
	413	1201	66459030167.758286
	417	1201	47939904802.46378
	421	1201	20846928080.074482
	425	1201	65715687814.55554
	429	1201	47407613028.490486
	433	1201	20613126440.58958
	437	1201	64972905089.67034
	441	1201	46845887331.4985
	445	1201	20368581639.76553
	449	1201	64193576552.514
	453	1201	46281802323.52582
	457	1201	20122110609.516186
	461	1201	63416510394.67775
	465	1201	45729060035.98623
	469	1201	19882441119.10325
	473	1201	62658676119.17729
	477	1201	45154944269.83543
	481	1201	19627693507.13854
	485	1201	61837602493.77822
	489	1201	44557448073.2271
	493	1201	19360634896.249786
	497	1201	60989814253.33506
	501	1201	43928327968.57028
	505	1201	19086244147.592903
	509	1201	60139859353.116745
	513	1201	43316754013.92353
	517	1201	18813497040.38112
	521	1201	59278622357.48021
	525	1201	42671128124.63942
	529	1201	18531114253.44363
	533	1201	58378441788.833244
	537	1201	42013630684.106674
	541	1201	18240492727.910767
	545	1201	57452406032.700134
	549	1201	41351815327.663765
	553	1201	17950787641.71831
	557	1201	56555888857.13181
	561	1201	40695105212.40981
	565	1201	17663938214.630486
	569	1201	55633781774.38364
	573	1201	40016425931.61871
	577	1201	17364798990.90178
	581	1201	54690266086.14778
	585	1201	39332832247.61252
	589	1201	17065219211.640202
	593	1201	53749139750.00175
	597	1201	38646331654.54114
	601	1201	16761987524.970488
	605	1201	52778876374.10261
	609	1201	37931974588.65247
	613	1201	16455971779.28479
	617	1201	51823918777.98482
	621	1201	37238386214.54254
	625	1201	16148584195.757364
	629	1201	50829802037.49487
	633	1201	36512252611.77233
	637	1201	15820876414.34948
	641	1201	49801699664.54858
	645	1201	35761004601.784325
	649	1201	15492696992.058949
	653	1201	48763722116.59995
	657	1201	34989667512.2059
	661	1201	15154123481.478867
	665	1201	47705398040.65772
	669	1201	34236596149.38556
	673	1201	14834070878.988697
	677	1201	46694931314.548355
	681	1201	33514965426.32486
	685	1201	14518181262.040863
	689	1201	45689919875.690315
	693	1201	32784411561.57246
	697	1201	14194736496.015488
	701	1201	44665577591.88795
	705	1201	32027344821.15143
	709	1201	13865547015.495754
	713	1201	43628797692.76006
	717	1201	31269397845.123787
	721	1201	13534122110.20254
	725	1201	42576992120.40213
	729	1201	30517075898.31279
	733	1201	13203811027.775436
	737	1201	41550103150.93373
	741	1201	29769638163.41688
	745	1201	12873935952.64706
	749	1201	40488143435.19751
	753	1201	28996609006.637447
	757	1201	12543402989.493063
	761	1201	39457931118.71988
	765	1201	28265656077.70302
	769	1201	12223186728.19387
	773	1201	38443852202.58913
	777	1201	27519375232.915947
	781	1201	11896360451.346943
	785	1201	37414229353.66359
	789	1201	26782546006.682156
	793	1201	11575440689.317747
	797	1201	36404464307.71727
	801	1201	26034446819.551167
	805	1201	11243295313.144852
	809	1201	35337727788.93692
	813	1201	25262464875.467873
	817	1201	10909134406.666409
	821	1201	34287175354.879593
	825	1201	24490775531.352367
	829	1201	10575409720.525043
	833	1201	33234639199.610294
	837	1201	23728811883.579914
	841	1201	10237865074.459454
	845	1201	32165870898.693466
	849	1201	22964615398.30137
	853	1201	9900100299.038614
	857	1201	31095854302.6036
	861	1201	22178030487.425312
	865	1201	9557468987.73761
	869	1201	30022857016.750813
	873	1201	21407086724.90552
	877	1201	9222519122.86388
	881	1201	28954331877.348217
	885	1201	20631385758.688362
	889	1201	8881765811.505138
	893	1201	27872255637.207256
	897	1201	19833989086.907104
	901	1201	8532281655.506286
	905	1201	26769646127.99518
	909	1201	19042639210.191284
	913	1201	8184126617.2338295
	917	1201	25667872989.71348
	921	1201	18246580123.178917
	925	1201	7842920185.502205
	929	1201	24605787886.00905
	933	1201	17479862189.32163
	937	1201	7507455268.225956
	941	1201	23531524991.9892
	945	1201	16696498905.657299
	949	1201	7166280246.422211
	953	1201	22468564130.243156
	957	1201	15928627069.443277
	961	1201	6824741295.930418
	965	1201	21374297683.537643
	969	1201	15124453253.431612
	973	1201	6477610795.943151
	977	1201	20275290100.7836
	981	1201	14333300999.063087
	985	1201	6131393659.973833
	989	1201	19195321957.46492
	993	1201	13545419242.263168
	997	1201	5781228980.259323
	1001	1201	18083007827.758896
	1005	1201	12744871199.8289
	1009	1201	5436181112.785548
	1013	1201	16994354745.577473
	1017	1201	11957764151.504583
	1021	1201	5096181613.612055
	1025	1201	15914571833.090906
	1029	1201	11169802763.931824
	1033	1201	4749397857.95346
	1037	1201	14830278337.717218
	1041	1201	10383277061.334513
	1045	1201	4407561740.467974
	1049	1201	13748463331.913397
	1053	1201	9606469902.715643
	1057	1201	4068440487.9179387
	1061	1201	12670258189.704918
	1065	1201	8818940165.337769
	1069	1201	3722410507.399505
	1073	1201	11579516435.297213
	1077	1201	8023140837.675837
	1081	1201	3369141322.428871
	1085	1201	10461597630.02229
	1089	1201	7214054076.750658
	1093	1201	3016841806.655854
	1097	1201	9335201602.834564
	1101	1201	6372270712.249746
	1105	1201	2644267897.391165
	1109	1201	8144045395.236397
	1113	1201	5508811441.3381605
	1117	1201	2269992818.776763
	1121	1201	6978863287.566269
	1125	1201	4654774516.104692
	1129	1201	1888485840.985257
	1133	1201	5750783474.303541
	1137	1201	3749858164.7170877
	1141	1201	1495944672.0119324
	1145	1201	4509291303.686222
	1149	1201	2858196179.65224
	1153	1201	1105825507.7543933
	1157	1201	3292582022.727356
	1161	1201	1991048754.5995126
	1165	1201	730730346.9979553
	1169	1201	2119369567.5726423
	1173	1201	1176449904.401875
	1177	1201	390639790.90344363
	1181	1201	1075527318.6976228
	1185	1201	486342407.1546107
	1189	1201	126537214.33464472
	1193	1201	292945348.3448107
	1197	1201	64891005.35736429
	1201	1201	0
	2	1202	-47585832297.22709
	6	1202	-150534272725.50705
	10	1202	-109556852416.77219
	14	1202	-47980203150.133965
	18	1202	-151747391140.12408
	22	1202	-110421586661.85655
	26	1202	-48344370013.351585
	30	1202	-152760329097.36612
	34	1202	-111160018210.16206
	38	1202	-48659782155.15332
	42	1202	-153610357555.26852
	46	1202	-111755746521.42822
	50	1202	-48902284894.330536
	54	1202	-154339908537.88608
	58	1202	-112187527308.59828
	62	1202	-49061244481.96638
	66	1202	-154680090371.80377
	70	1202	-112425605051.28448
	74	1202	-49154644033.18447
	78	1202	-155030742352.4871
	82	1202	-112603776167.37756
	86	1202	-49220842304.229164
	90	1202	-155257989943.31677
	94	1202	-112696350882.086
	98	1202	-49255092399.99446
	102	1202	-155269888123.25412
	106	1202	-112637813554.16963
	110	1202	-49170768755.08133
	114	1202	-155147043920.5048
	118	1202	-112428742181.55035
	122	1202	-49090124349.15079
	126	1202	-154815729965.42346
	130	1202	-112176653775.57336
	134	1202	-48976625671.24739
	138	1202	-154582105479.2028
	142	1202	-112014098018.21474
	146	1202	-48889461857.12801
	150	1202	-154322630859.80917
	154	1202	-111751860885.9801
	158	1202	-48753339048.081604
	162	1202	-153963418200.62863
	166	1202	-111430484353.24194
	170	1202	-48596139320.88736
	174	1202	-153586326467.99762
	178	1202	-111110149331.23883
	182	1202	-48454304434.1539
	186	1202	-153057253534.01328
	190	1202	-110656924009.18025
	194	1202	-48236575540.27674
	198	1202	-152396088793.13556
	202	1202	-110197738105.27661
	206	1202	-48040219738.71163
	210	1202	-151783479546.00314
	214	1202	-109711870197.04605
	218	1202	-47806867875.504326
	222	1202	-150964710509.60565
	226	1202	-109065740402.99425
	230	1202	-47492539681.62338
	234	1202	-149951284385.00244
	238	1202	-108218969098.34001
	242	1202	-47180963323.04368
	246	1202	-148961668959.4304
	250	1202	-107592473354.99586
	254	1202	-46901419044.93391
	258	1202	-148127287757.35974
	262	1202	-106866440830.19655
	266	1202	-46499635561.60891
	270	1202	-146939598319.44363
	274	1202	-106132289726.01001
	278	1202	-46227470963.37417
	282	1202	-146046278914.51773
	286	1202	-105372397680.14459
	290	1202	-45870797427.66016
	294	1202	-144953461202.25903
	298	1202	-104533038656.32101
	302	1202	-45509674148.452576
	306	1202	-143814856098.65097
	310	1202	-103721144064.13806
	314	1202	-45135529320.53252
	318	1202	-142632369539.57492
	322	1202	-102891421561.71216
	326	1202	-44745617854.952515
	330	1202	-141419184486.39404
	334	1202	-101921817328.84624
	338	1202	-44380092545.497185
	342	1202	-140153396257.97812
	346	1202	-101081356952.61932
	350	1202	-43969226918.50915
	354	1202	-138945537149.91486
	358	1202	-99995656032.00543
	362	1202	-43523198355.51316
	366	1202	-137390928120.02385
	370	1202	-98932202536.75795
	374	1202	-43039796163.56667
	378	1202	-135898814154.28503
	382	1202	-97962086169.63759
	386	1202	-42607130528.23513
	390	1202	-134435835948.13744
	394	1202	-96726705621.77916
	398	1202	-42047985282.108086
	402	1202	-132843731011.98706
	406	1202	-95623675624.00633
	410	1202	-41586990942.75723
	414	1202	-131349658836.56732
	418	1202	-94549806971.29613
	422	1202	-41100002319.58448
	426	1202	-129775532117.56895
	430	1202	-93365371140.05354
	434	1202	-40582601946.96184
	438	1202	-128236099384.63873
	442	1202	-92257743647.60641
	446	1202	-40090001285.626625
	450	1202	-126645793641.76982
	454	1202	-91109103803.023
	458	1202	-39575445039.600204
	462	1202	-125010344997.50803
	466	1202	-89843573329.53537
	470	1202	-39025567976.82802
	474	1202	-123133070715.2767
	478	1202	-88473952268.7346
	482	1202	-38422576511.590965
	486	1202	-121273210973.85286
	490	1202	-87212697899.49052
	494	1202	-37827090307.03466
	498	1202	-119452382007.47112
	502	1202	-85852686532.8197
	506	1202	-37287815194.27049
	510	1202	-117668461366.56247
	514	1202	-84533579638.45262
	518	1202	-36677539009.832115
	522	1202	-115744725033.44324
	526	1202	-83145244676.85686
	530	1202	-36087532252.85476
	534	1202	-113773048270.73122
	538	1202	-81728807142.46855
	542	1202	-35458460073.89418
	546	1202	-111956923046.94456
	550	1202	-80429192880.89328
	554	1202	-34880231678.01872
	558	1202	-110154755588.08168
	562	1202	-79095798494.03731
	566	1202	-34306245568.048157
	570	1202	-108147823694.34662
	574	1202	-77670045817.29326
	578	1202	-33684667969.487743
	582	1202	-106273986820.61237
	586	1202	-76214570021.38982
	590	1202	-33034510785.489
	594	1202	-104255962792.33963
	598	1202	-74750936861.06667
	602	1202	-32406101663.015686
	606	1202	-102073144002.18738
	610	1202	-73255480032.34229
	614	1202	-31719175874.028645
	618	1202	-99937541288.79065
	622	1202	-71644725970.66049
	626	1202	-31034391661.0247
	630	1202	-97812795201.37592
	634	1202	-69993793569.47336
	638	1202	-30328473795.47321
	642	1202	-95670409437.06757
	646	1202	-68556980777.91908
	650	1202	-29702566059.12716
	654	1202	-93657406814.87613
	658	1202	-67089416222.42247
	662	1202	-29067427727.69099
	666	1202	-91668836951.04039
	670	1202	-65678290855.84053
	674	1202	-28444641021.053413
	678	1202	-89700910055.37926
	682	1202	-64234369016.36249
	686	1202	-27799683057.19679
	690	1202	-87530232063.74931
	694	1202	-62708477212.36253
	698	1202	-27119011184.554153
	702	1202	-85488527167.37007
	706	1202	-61169625961.28325
	710	1202	-26461605786.85187
	714	1202	-83416337828.92503
	718	1202	-59693845345.38178
	722	1202	-25811699646.00009
	726	1202	-81406404821.8438
	730	1202	-58258725919.729576
	734	1202	-25190072281.30641
	738	1202	-79380160628.81947
	742	1202	-56743562967.84769
	746	1202	-24539844771.889874
	750	1202	-77185971633.33382
	754	1202	-55212132028.84083
	758	1202	-23866067344.875668
	762	1202	-75150802176.54587
	766	1202	-53649614929.212234
	770	1202	-23194671712.37332
	774	1202	-73000295250.8976
	778	1202	-52142998557.96934
	782	1202	-22524784478.113853
	786	1202	-70914840248.28189
	790	1202	-50674371809.9852
	794	1202	-21875527295.61955
	798	1202	-68805711469.33844
	802	1202	-49091989803.80447
	806	1202	-21196368559.199535
	810	1202	-66694577673.72689
	814	1202	-47540394475.05643
	818	1202	-20491650859.67546
	822	1202	-64415877028.83349
	826	1202	-45966328264.485374
	830	1202	-19801527049.13297
	834	1202	-62297282538.94119
	838	1202	-44380105029.43003
	842	1202	-19099076550.985615
	846	1202	-60103557851.15573
	850	1202	-42724691694.55948
	854	1202	-18399422766.099667
	858	1202	-57816427797.08904
	862	1202	-41112886708.0944
	866	1202	-17717067648.430637
	870	1202	-55791563653.047485
	874	1202	-39682732760.3282
	878	1202	-17069257754.479395
	882	1202	-53607922660.0765
	886	1202	-38024573718.745476
	890	1202	-16350356249.659739
	894	1202	-51288969740.2616
	898	1202	-36412173053.59662
	902	1202	-15633867382.7953
	906	1202	-49145642212.12557
	910	1202	-34811863355.52748
	914	1202	-14930890888.206411
	918	1202	-46896787781.33782
	922	1202	-33207124429.61453
	926	1202	-14248024628.504694
	930	1202	-44624955431.02819
	934	1202	-31546327024.79838
	938	1202	-13519254229.611439
	942	1202	-42357576891.4156
	946	1202	-29942041310.152237
	950	1202	-12805098452.42268
	954	1202	-40165991146.61041
	958	1202	-28304970431.36303
	962	1202	-12088022383.287752
	966	1202	-37933138796.22196
	970	1202	-26751599699.77778
	974	1202	-11421206202.315624
	978	1202	-35866353977.14893
	982	1202	-25182813121.470764
	986	1202	-10729295071.41411
	990	1202	-33512096422.804184
	994	1202	-23524169296.90248
	998	1202	-10030101131.399073
	1002	1202	-31413672172.201424
	1006	1202	-21937352925.295578
	1010	1202	-9345334375.861269
	1014	1202	-29273770963.642197
	1018	1202	-20398198986.8025
	1022	1202	-8645802542.697134
	1026	1202	-27050683432.86679
	1030	1202	-18823960406.139793
	1034	1202	-7959033330.860796
	1038	1202	-24848236844.045086
	1042	1202	-17279341646.89045
	1046	1202	-7282964057.27214
	1050	1202	-22713309248.584427
	1054	1202	-15700456339.979715
	1058	1202	-6608523506.60302
	1062	1202	-20537576029.891644
	1066	1202	-14112876664.017553
	1070	1202	-5922168786.601881
	1074	1202	-18346913109.5814
	1078	1202	-12553783974.930956
	1082	1202	-5250439467.525175
	1086	1202	-16298005217.67629
	1090	1202	-11026374799.468012
	1094	1202	-4559025541.289042
	1098	1202	-14078617280.337317
	1102	1202	-9456715898.421663
	1106	1202	-3878222362.8872404
	1110	1202	-11922220977.989962
	1114	1202	-7866436814.217937
	1118	1202	-3188870641.6485844
	1122	1202	-9720376032.265734
	1126	1202	-6360123942.182474
	1130	1202	-2525647888.6481833
	1134	1202	-7749541581.4391
	1138	1202	-4885257927.132569
	1142	1202	-1898768545.7651
	1146	1202	-5791872477.534012
	1150	1202	-3534061997.5432496
	1154	1202	-1320379657.6324663
	1158	1202	-3975674732.1769
	1162	1202	-2270394646.2693033
	1166	1202	-803473871.5079787
	1170	1202	-2389799939.9169292
	1174	1202	-1245847237.6103458
	1178	1202	-380043528.98955655
	1182	1202	-1004872757.0798366
	1186	1202	-430336187.4682994
	1190	1202	-115661031.10626045
	1194	1202	-257748634.2023303
	1198	1202	-24582246.428141125
	1202	1202	0
	2	1203	46469396015.069756
	4	1203	1002654303.4041959
	6	1203	146700429344.63388
	8	1203	3112217403.264934
	10	1203	106098406168.7498
	12	1203	2238045342.93842
	14	1203	46265651988.949646
	16	1203	917104000.3762436
	18	1203	146126846274.53683
	20	1203	2506735512.2644615
	22	1203	105671284054.83368
	24	1203	1597095858.9047008
	26	1203	46111650633.57836
	28	1203	530531316.4995819
	30	1203	145780756452.55887
	32	1203	993724911.9980861
	34	1203	105427814296.66783
	36	1203	385848436.93432015
	38	1203	46022534793.51738
	40	1203	-2660707.435512012
	42	1203	145686589273.40793
	44	1203	-593807534.4536197
	46	1203	105397176672.22888
	48	1203	-905231858.7544774
	50	1203	46008942075.8627
	52	1203	-536580372.15183556
	54	1203	145712337661.28918
	56	1203	-2261992168.153451
	58	1203	105424624647.67003
	60	1203	-2050115649.644314
	62	1203	46086156645.71718
	64	1203	-1053062900.8864009
	66	1203	145958404595.95596
	68	1203	-3739340979.618868
	70	1203	105724762868.21684
	72	1203	-3126727108.045452
	74	1203	46208057750.181465
	76	1203	-1560144876.686867
	78	1203	146401194404.59277
	80	1203	-5345884242.112458
	82	1203	106063613770.3777
	84	1203	-4292986453.571729
	86	1203	46352467460.97882
	88	1203	-1999377305.2058568
	90	1203	147001038688.93744
	92	1203	-6488201836.482225
	94	1203	106582332695.79626
	96	1203	-5147169197.062611
	98	1203	46610468865.282074
	100	1203	-2361808823.8226438
	102	1203	147728700491.26544
	104	1203	-7463368940.759067
	106	1203	107038040816.08282
	108	1203	-5742308318.293877
	110	1203	46781274286.532455
	112	1203	-2584837840.3720236
	114	1203	148263052983.2744
	116	1203	-8197571567.360705
	118	1203	107466190784.61436
	120	1203	-6232851460.070257
	122	1203	46991508638.99692
	124	1203	-2785655734.2655554
	126	1203	148977631846.64642
	128	1203	-8679089739.940853
	130	1203	107965355293.21906
	132	1203	-6603140725.35383
	134	1203	47193474604.401276
	136	1203	-2980351896.837871
	138	1203	149493052483.91043
	140	1203	-9256843598.34933
	142	1203	108366164382.04855
	144	1203	-7015834555.615611
	146	1203	47369476690.367836
	148	1203	-3103887213.118464
	150	1203	150001695464.14996
	152	1203	-9554069105.372257
	154	1203	108702045666.83446
	156	1203	-7201616272.121622
	158	1203	47500783316.59027
	160	1203	-3166628012.2544613
	162	1203	150440371620.80453
	164	1203	-9705690815.884481
	166	1203	109087231740.52602
	168	1203	-7299961854.792761
	170	1203	47667930895.54377
	172	1203	-3197207320.5085816
	174	1203	150830217424.86658
	176	1203	-9713980855.219936
	178	1203	109333827096.50194
	180	1203	-7252705650.689845
	182	1203	47790056659.46599
	184	1203	-3169749449.6220756
	186	1203	151104026032.26965
	188	1203	-9630868415.376503
	190	1203	109530484802.43434
	192	1203	-7170521718.195283
	194	1203	47832052414.35869
	196	1203	-3116122959.1311355
	198	1203	151183995235.48834
	200	1203	-9451128058.324108
	202	1203	109584223153.2755
	204	1203	-7025721991.022748
	206	1203	47861809224.04939
	208	1203	-3051338104.0040345
	210	1203	151192233799.18668
	212	1203	-9321740306.065538
	214	1203	109554944030.03613
	216	1203	-6915154126.300571
	218	1203	47851959923.55176
	220	1203	-3022916677.615736
	222	1203	151295535765.37332
	224	1203	-9207284318.589756
	226	1203	109566105813.7947
	228	1203	-6831429929.886981
	230	1203	47856683730.34123
	232	1203	-2987234229.4659605
	234	1203	151065507425.08755
	236	1203	-9161985683.832914
	238	1203	109501300049.90662
	240	1203	-6848288539.207505
	242	1203	47781304146.627785
	244	1203	-2976970778.958672
	246	1203	150843632469.0704
	248	1203	-9018903288.565426
	250	1203	109318535080.30843
	252	1203	-6638188579.171667
	254	1203	47707802879.78753
	256	1203	-2885052994.2407985
	258	1203	150510796850.84546
	260	1203	-8809968469.33808
	262	1203	108992108515.7532
	264	1203	-6517334365.8720045
	266	1203	47566466498.04859
	268	1203	-2824330231.4152155
	270	1203	149986655165.83463
	272	1203	-8530611581.232263
	274	1203	108679662629.93077
	276	1203	-6229636122.902138
	278	1203	47394429569.08919
	280	1203	-2700997271.6142464
	282	1203	149454267821.92294
	284	1203	-8174848033.911147
	286	1203	108223168262.99187
	288	1203	-6012151694.885585
	290	1203	47198461476.84486
	292	1203	-2615984574.778237
	294	1203	148868436281.1951
	296	1203	-7843771468.622704
	298	1203	107774389637.4333
	300	1203	-5775023697.424381
	302	1203	47013729831.60695
	304	1203	-2520334660.3933144
	306	1203	148111935787.39133
	308	1203	-7584245528.022416
	310	1203	107203375089.80656
	312	1203	-5596069806.900439
	314	1203	46741670512.68514
	316	1203	-2448429800.249306
	318	1203	147180853675.06998
	320	1203	-7316264742.226523
	322	1203	106531048634.78357
	324	1203	-5404111798.263365
	326	1203	46406637193.93506
	328	1203	-2354680005.559336
	330	1203	146359432773.7986
	332	1203	-7160845733.519925
	334	1203	105899519949.99016
	336	1203	-5289022452.10912
	338	1203	46152860464.96493
	340	1203	-2283197046.403882
	342	1203	145409538848.9451
	344	1203	-6815459435.716997
	346	1203	105290631042.555
	348	1203	-5059458867.927158
	350	1203	45882238196.290016
	352	1203	-2205652212.488372
	354	1203	144474553423.71036
	356	1203	-6728279940.884924
	358	1203	104584906201.07504
	360	1203	-4980140847.964897
	362	1203	45578238020.96004
	364	1203	-2153342872.886573
	366	1203	143433953649.44556
	368	1203	-6543254388.800186
	370	1203	103830456629.5424
	372	1203	-4886658875.49616
	374	1203	45212552680.452545
	376	1203	-2104113780.5266566
	378	1203	142315660496.53952
	380	1203	-6354187760.074999
	382	1203	102951140108.63998
	384	1203	-4655003031.51416
	386	1203	44831238141.227425
	388	1203	-2006890470.0306153
	390	1203	141093902786.47354
	392	1203	-6076337415.514923
	394	1203	102056517206.68303
	396	1203	-4510759076.376194
	398	1203	44474458832.45575
	400	1203	-1966740176.1570175
	402	1203	139812619636.023
	404	1203	-5950698311.001782
	406	1203	101195401097.92043
	408	1203	-4354293859.31423
	410	1203	44064459170.37659
	412	1203	-1854905756.9369285
	414	1203	138707133175.40854
	416	1203	-5589704696.821731
	418	1203	100344825721.62439
	420	1203	-4004098853.889444
	422	1203	43655647508.68569
	424	1203	-1756308990.5460107
	426	1203	137298578675.1431
	428	1203	-5309458111.893605
	430	1203	99375333076.47775
	432	1203	-3850183188.623194
	434	1203	43265463783.01444
	436	1203	-1685895085.9518561
	438	1203	135932119357.85097
	440	1203	-5052184745.3110485
	442	1203	98369451633.71489
	444	1203	-3732794916.8162374
	446	1203	42788194807.76456
	448	1203	-1613165466.2022936
	450	1203	134406028158.87483
	452	1203	-4812887492.079501
	454	1203	97234660090.12947
	456	1203	-3601264751.1454773
	458	1203	42352824252.75161
	460	1203	-1585759643.5902963
	462	1203	132998913375.96751
	464	1203	-4770072652.446143
	466	1203	96137475476.78539
	468	1203	-3541438476.841857
	470	1203	41840736170.85427
	472	1203	-1542716875.1685028
	474	1203	131412106397.04652
	476	1203	-4610929576.380158
	478	1203	95062670489.22523
	480	1203	-3363660187.401902
	482	1203	41367300779.92418
	484	1203	-1456545326.8244386
	486	1203	129794488069.20782
	488	1203	-4419322842.549949
	490	1203	93934588745.60455
	492	1203	-3230343624.2295227
	494	1203	40882973307.48416
	496	1203	-1411434776.2212427
	498	1203	128278678689.74048
	500	1203	-4330129264.508918
	502	1203	92732917767.0609
	504	1203	-3227371267.602006
	506	1203	40353477641.139496
	508	1203	-1423168737.6510828
	510	1203	126607847296.76512
	512	1203	-4280478002.0112653
	514	1203	91562268023.14143
	516	1203	-3119708876.7835684
	518	1203	39806208879.73238
	520	1203	-1362198330.981281
	522	1203	124984058607.2138
	524	1203	-4097083877.430235
	526	1203	90321433674.79332
	528	1203	-2945084045.624083
	530	1203	39280973443.97808
	532	1203	-1260728096.8845239
	534	1203	123120243882.34381
	536	1203	-3767194245.131
	538	1203	88935313415.24089
	540	1203	-2768411198.417887
	542	1203	38657968566.77112
	544	1203	-1190811969.1569335
	546	1203	121244478991.57997
	548	1203	-3566356021.5346913
	550	1203	87626247057.54779
	552	1203	-2614263978.420702
	554	1203	38097010265.30928
	556	1203	-1162578313.0931733
	558	1203	119538496833.651
	560	1203	-3453525575.927374
	562	1203	86441342282.48824
	564	1203	-2519620042.684759
	566	1203	37570632512.24882
	568	1203	-1094837552.7253652
	570	1203	117678630924.4019
	572	1203	-3292147860.38571
	574	1203	85119156552.1076
	576	1203	-2495832685.3737445
	578	1203	36997211952.254715
	580	1203	-1043552744.2139028
	582	1203	115804475237.69077
	584	1203	-3141916507.621199
	586	1203	83682243554.83624
	588	1203	-2320459704.7856903
	590	1203	36386472835.52759
	592	1203	-1001263336.5075212
	594	1203	113972883384.29582
	596	1203	-2993726972.3816485
	598	1203	82377731586.50647
	600	1203	-2268499287.23787
	602	1203	35783053528.51605
	604	1203	-991202907.6410003
	606	1203	111988190355.16402
	608	1203	-2930977705.0503845
	610	1203	80880114518.23315
	612	1203	-2185986871.32375
	614	1203	35148790621.230515
	616	1203	-944585177.4961365
	618	1203	110076518512.58733
	620	1203	-2858003864.8737283
	622	1203	79453047109.85237
	624	1203	-2113731677.8855305
	626	1203	34518146920.8958
	628	1203	-902551528.4121758
	630	1203	108013059525.32788
	632	1203	-2729650537.332949
	634	1203	77999484150.98091
	636	1203	-1973713057.0197866
	638	1203	33879147665.744358
	640	1203	-860207769.2224389
	642	1203	105977023596.47089
	644	1203	-2571169656.375327
	646	1203	76531610498.86586
	648	1203	-1811634247.5537045
	650	1203	33228418942.803516
	652	1203	-748543622.610349
	654	1203	103953687240.52885
	656	1203	-2270746955.121377
	658	1203	75066582356.09163
	660	1203	-1725479418.6866636
	662	1203	32550804972.4891
	664	1203	-756647593.0697323
	666	1203	101773352232.609
	668	1203	-2331585000.5709867
	670	1203	73490566438.394
	672	1203	-1770074540.0395958
	674	1203	31895071714.561604
	676	1203	-773388077.8550242
	678	1203	99754803665.45027
	680	1203	-2304418343.272734
	682	1203	72041168967.99417
	684	1203	-1689206153.9603102
	686	1203	31258481751.810604
	688	1203	-734521650.9332122
	690	1203	97712099956.34673
	692	1203	-2230331162.5904713
	694	1203	70613275400.89351
	696	1203	-1640899677.3298354
	698	1203	30683051727.186993
	700	1203	-701790374.7779306
	702	1203	95962365093.85922
	704	1203	-2196405656.760663
	706	1203	69244808591.91791
	708	1203	-1607252668.2482455
	710	1203	30027264184.533207
	712	1203	-717929997.7471488
	714	1203	93867797677.13478
	716	1203	-2194840043.631083
	718	1203	67766261368.88465
	720	1203	-1626514632.2782876
	722	1203	29417492711.78471
	724	1203	-713297755.3388873
	726	1203	91909716951.08586
	728	1203	-2177284218.2776694
	730	1203	66311920382.58078
	732	1203	-1591990530.87836
	734	1203	28802446718.14089
	736	1203	-671859214.0659192
	738	1203	89883702012.7182
	740	1203	-1999258412.609238
	742	1203	64890125725.74572
	744	1203	-1384309121.0248368
	746	1203	28106898911.028988
	748	1203	-626050740.407717
	750	1203	87730587101.80115
	752	1203	-1915281375.5357049
	754	1203	63300052303.31316
	756	1203	-1451428425.8630435
	758	1203	27413529886.270744
	760	1203	-612631118.3517869
	762	1203	85566751486.97838
	764	1203	-1903335887.3599095
	766	1203	61744390228.82461
	768	1203	-1380179315.9743972
	770	1203	26779411583.18228
	772	1203	-588210245.3851606
	774	1203	83539035650.16214
	776	1203	-1774085374.6778252
	778	1203	60232653846.02074
	780	1203	-1259403104.8345106
	782	1203	26109542860.06109
	784	1203	-564644734.7170749
	786	1203	81451399950.4519
	788	1203	-1627024361.1364336
	790	1203	58792761784.818436
	792	1203	-1214672574.4661381
	794	1203	25473166374.57094
	796	1203	-524303072.5654811
	798	1203	79352127245.47093
	800	1203	-1404375441.3909144
	802	1203	57252616408.0062
	804	1203	-1046735688.5200421
	806	1203	24786829053.094524
	808	1203	-465634345.7054542
	810	1203	77204731314.47946
	812	1203	-1407917512.0933015
	814	1203	55640291597.19998
	816	1203	-1039990497.0857818
	818	1203	24121031825.135204
	820	1203	-439669493.3568338
	822	1203	75110858977.11171
	824	1203	-1393000093.471527
	826	1203	54162205603.905205
	828	1203	-1090265530.2039645
	830	1203	23413339205.410725
	832	1203	-462087501.46264726
	834	1203	72935945993.83195
	836	1203	-1320299459.9300168
	838	1203	52501000900.607544
	840	1203	-909303804.4933809
	842	1203	22751176385.389324
	844	1203	-425292182.11765265
	846	1203	70872559250.08118
	848	1203	-1348657087.740092
	850	1203	51087432611.65361
	852	1203	-1017997216.3654487
	854	1203	22088887457.04485
	856	1203	-450360055.2958045
	858	1203	68698267914.17377
	860	1203	-1283070708.3870647
	862	1203	49478761849.96367
	864	1203	-931478086.5542419
	866	1203	21381215493.876102
	868	1203	-426734087.45373625
	870	1203	66519716287.02801
	872	1203	-1172272963.046102
	874	1203	47908774339.36502
	876	1203	-753580122.3549728
	878	1203	20690273901.996986
	880	1203	-352457683.1356254
	882	1203	64332593230.87325
	884	1203	-1072776589.4805735
	886	1203	46370898261.326904
	888	1203	-784874024.6308618
	890	1203	20045329625.137314
	892	1203	-334650346.68387276
	894	1203	62216245842.00449
	896	1203	-1078166676.75501
	898	1203	44735618323.39453
	900	1203	-791686884.2918336
	902	1203	19286498213.05061
	904	1203	-331472656.6344775
	906	1203	59820090554.014565
	908	1203	-992588428.7577364
	910	1203	43074195499.97081
	912	1203	-732611390.5292614
	914	1203	18597592188.11374
	916	1203	-328821082.29126483
	918	1203	57594708341.59053
	920	1203	-944457592.2251694
	922	1203	41401562627.930016
	924	1203	-735411374.7331157
	926	1203	17875841985.458984
	928	1203	-314325792.1020563
	930	1203	55264621126.71921
	932	1203	-869757344.9974955
	934	1203	39712436827.11884
	936	1203	-692110527.1215683
	938	1203	17077438279.90309
	940	1203	-289997550.00705844
	942	1203	52903690080.982994
	944	1203	-867825476.3672227
	946	1203	38055323404.80327
	948	1203	-638964914.8713363
	950	1203	16401672984.971004
	952	1203	-294670237.4924167
	954	1203	50695231544.482285
	956	1203	-814289338.6223365
	958	1203	36544820166.70355
	960	1203	-601264391.245177
	962	1203	15745693960.402437
	964	1203	-272270545.18439955
	966	1203	48623360357.3884
	968	1203	-847270679.1182489
	970	1203	34974678462.390495
	972	1203	-674216178.8664943
	974	1203	15086163004.112282
	976	1203	-300979157.17411363
	978	1203	46681266874.23498
	980	1203	-948071619.940458
	982	1203	33471829465.383
	984	1203	-702944675.8941859
	986	1203	14376156924.62874
	988	1203	-277149297.0825398
	990	1203	44247869988.80322
	992	1203	-824640141.8882788
	994	1203	31839039127.341892
	996	1203	-643560416.2522562
	998	1203	13702902595.709982
	1000	1203	-300999244.1833525
	1002	1203	42130030411.83301
	1004	1203	-895173814.7749616
	1006	1203	30264907046.087276
	1008	1203	-655158999.0608741
	1010	1203	13016792760.261675
	1012	1203	-270212136.61604935
	1014	1203	39997609368.76365
	1016	1203	-826625760.5311612
	1018	1203	28686420588.99696
	1020	1203	-654889380.0655453
	1022	1203	12334056074.032255
	1024	1203	-296424923.89397895
	1026	1203	37742990026.06917
	1028	1203	-852154482.482874
	1030	1203	27044913423.28081
	1032	1203	-590275161.5344768
	1034	1203	11600146869.137802
	1036	1203	-254091102.86104947
	1038	1203	35518917382.72495
	1040	1203	-788002363.1046114
	1042	1203	25460279409.18119
	1044	1203	-591544025.4571954
	1046	1203	10890858806.666578
	1048	1203	-276670594.78396046
	1050	1203	33280880437.658096
	1052	1203	-781710975.7037698
	1054	1203	23809413837.54751
	1056	1203	-579178003.0205833
	1058	1203	10183788471.485918
	1060	1203	-270886877.14494634
	1062	1203	31091335029.75626
	1064	1203	-665153236.7398678
	1066	1203	22174782026.753265
	1068	1203	-529295678.5311982
	1070	1203	9496929417.444551
	1072	1203	-219429462.31026506
	1074	1203	28960607729.054726
	1076	1203	-648552390.5033802
	1078	1203	20722629078.64032
	1080	1203	-509588087.73976594
	1082	1203	8835402956.615734
	1084	1203	-238339018.00922966
	1086	1203	26799831739.961185
	1088	1203	-719286701.8479017
	1090	1203	19147067547.134922
	1092	1203	-466824432.5535933
	1094	1203	8136822864.198205
	1096	1203	-202234080.90087846
	1098	1203	24586836281.273415
	1100	1203	-623229679.2364197
	1102	1203	17474709518.148308
	1104	1203	-430087088.0919611
	1106	1203	7423928165.608638
	1108	1203	-196001390.56727147
	1110	1203	22258536052.303593
	1112	1203	-586293520.1231793
	1114	1203	15745697572.376972
	1116	1203	-423883546.4530238
	1118	1203	6636929489.059392
	1120	1203	-186715773.14096418
	1122	1203	19825641506.968536
	1124	1203	-421738525.46939397
	1126	1203	13994458725.928402
	1128	1203	-286472500.2732745
	1130	1203	5876134856.11198
	1132	1203	-107348063.58148997
	1134	1203	17504304284.409176
	1136	1203	-349697765.20786655
	1138	1203	12293175417.875114
	1140	1203	-255335560.29687276
	1142	1203	5113687797.721924
	1144	1203	-97156031.56533818
	1146	1203	14935535382.07677
	1148	1203	-316496127.80820394
	1150	1203	10419145412.977207
	1152	1203	-238605660.6174336
	1154	1203	4268646511.785901
	1156	1203	-98658255.57093045
	1158	1203	12223020138.280025
	1160	1203	-254957769.30269444
	1162	1203	8332516321.514137
	1164	1203	-199556107.29187217
	1166	1203	3357880845.346255
	1168	1203	-86313411.24202462
	1170	1203	9312982609.466022
	1172	1203	-211282140.37320253
	1174	1203	6193499611.797594
	1176	1203	-153118808.0760465
	1178	1203	2375322092.751258
	1180	1203	-50997996.91959078
	1182	1203	6166175261.784952
	1184	1203	-110972338.65848884
	1186	1203	3721009988.337998
	1188	1203	-88306233.47380881
	1190	1203	1296715726.0175297
	1192	1203	-32433354.47558848
	1194	1203	2657161610.0673995
	1196	1203	-55946070.09437581
	1198	1203	1003131202.5754822
	1200	1203	-24327940.040421423
	1203	1203	0
	1	1204	-25395613643.787266
	3	1204	827049116.3281671
	5	1204	-80351206161.96509
	7	1204	2689103044.366016
	9	1204	-58630162257.57711
	11	1204	2144369908.5808885
	13	1204	-25685214538.51125
	15	1204	975105981.397177
	17	1204	-80935227907.06436
	19	1204	3097409094.2582693
	21	1204	-58901862098.07753
	23	1204	2334796445.3887463
	25	1204	-25706208714.057117
	27	1204	1020826818.4867586
	29	1204	-80696440117.19412
	31	1204	3087434899.8580275
	33	1204	-58607365818.233635
	35	1204	2261746209.2556405
	37	1204	-25563267951.261982
	39	1204	964379099.9205812
	41	1204	-80336567913.31468
	43	1204	2772225854.284792
	45	1204	-58167215927.67326
	47	1204	1981617497.3474755
	49	1204	-25385262233.90822
	51	1204	815889255.925447
	53	1204	-79770019327.29437
	55	1204	2283957659.9205503
	57	1204	-57796118059.44461
	59	1204	1510988745.1075985
	61	1204	-25192548173.210545
	63	1204	578392433.8690443
	65	1204	-79295438245.39372
	67	1204	1400072424.800451
	69	1204	-57398321526.69922
	71	1204	877595177.687846
	73	1204	-24968765548.645893
	75	1204	300742797.72412354
	77	1204	-78561219699.47643
	79	1204	606499813.465178
	81	1204	-56788685302.68235
	83	1204	242899441.971538
	85	1204	-24746847858.87624
	87	1204	26347782.65046243
	89	1204	-78088513172.34122
	91	1204	-215437558.67432913
	93	1204	-56367964833.25107
	95	1204	-397061419.3222351
	97	1204	-24557353483.04498
	99	1204	-245115518.94102785
	101	1204	-77623834445.1057
	103	1204	-1134906926.1379156
	105	1204	-56090515798.25709
	107	1204	-1069436776.0242124
	109	1204	-24454311050.282215
	111	1204	-573411947.0447685
	113	1204	-77250970963.6708
	115	1204	-2012339113.9659152
	117	1204	-55809518541.60592
	119	1204	-1772487992.2740276
	121	1204	-24328110972.201946
	123	1204	-858531496.5667566
	125	1204	-77006014189.5786
	127	1204	-2952545747.170715
	129	1204	-55568632913.37373
	131	1204	-2396055497.5752797
	133	1204	-24178709937.975388
	135	1204	-1105573798.965884
	137	1204	-76541306769.99939
	139	1204	-3581459231.733751
	141	1204	-55189861966.1605
	143	1204	-2801297103.394613
	145	1204	-24055295374.052063
	147	1204	-1284239209.48848
	149	1204	-76226258252.22345
	151	1204	-4117604588.256023
	153	1204	-54951405846.15935
	155	1204	-3210892493.0845537
	157	1204	-23954898166.62996
	159	1204	-1465557549.1584625
	161	1204	-75947027350.38036
	163	1204	-4588268814.950088
	165	1204	-54719788782.101944
	167	1204	-3563321957.4645844
	169	1204	-23853053072.538837
	171	1204	-1622443630.6489818
	173	1204	-75697807715.01074
	175	1204	-4942801632.670947
	177	1204	-54564772914.22504
	179	1204	-3809785877.605175
	181	1204	-23785617453.03616
	183	1204	-1715190309.7288816
	185	1204	-75471857352.4342
	187	1204	-5311691602.765707
	189	1204	-54397728054.95161
	191	1204	-4102454657.8666353
	193	1204	-23722877118.088894
	195	1204	-1847722527.9011025
	197	1204	-75278122212.3672
	199	1204	-5689300059.271107
	201	1204	-54252611622.57397
	203	1204	-4307034811.661056
	205	1204	-23655212217.924034
	207	1204	-1919913104.3457732
	209	1204	-74977904454.58972
	211	1204	-5888543120.95885
	213	1204	-54031912132.98535
	215	1204	-4460766056.990571
	217	1204	-23531966913.33336
	219	1204	-1998111506.9146516
	221	1204	-74602123028.39067
	223	1204	-6207662357.610626
	225	1204	-53732641474.85724
	227	1204	-4697956044.401129
	229	1204	-23395216118.516273
	231	1204	-2115260058.7498353
	233	1204	-74086680610.9559
	235	1204	-6580667871.21781
	237	1204	-53279721690.25561
	239	1204	-5019927531.163649
	241	1204	-23202664805.121464
	243	1204	-2173496329.593701
	245	1204	-73577042444.37851
	247	1204	-6746613069.286387
	249	1204	-52990282533.795815
	251	1204	-5006060515.579627
	253	1204	-23073203929.90536
	255	1204	-2165174513.9185624
	257	1204	-73079720870.57095
	259	1204	-6667627472.607181
	261	1204	-52577619024.22987
	263	1204	-5030852727.187153
	265	1204	-22893503656.88836
	267	1204	-2247807645.2513156
	269	1204	-72602093222.49702
	271	1204	-6819738476.10041
	273	1204	-52301787633.7401
	275	1204	-4975458037.74425
	277	1204	-22768136492.26512
	279	1204	-2164793418.6240463
	281	1204	-72170687919.52905
	283	1204	-6592600857.447319
	285	1204	-51952116749.92886
	287	1204	-4907302583.588974
	289	1204	-22602776041.040234
	291	1204	-2152901374.862522
	293	1204	-71700265789.18219
	295	1204	-6516667565.245378
	297	1204	-51602166873.74582
	299	1204	-4870995299.254712
	301	1204	-22440226631.641323
	303	1204	-2124240195.6602643
	305	1204	-71147913389.26132
	307	1204	-6410702038.915216
	309	1204	-51178341105.14424
	311	1204	-4753153709.196022
	313	1204	-22248577451.864815
	315	1204	-2087077734.45527
	317	1204	-70579572007.00789
	319	1204	-6295790420.043752
	321	1204	-50765763590.41857
	323	1204	-4633582277.167108
	325	1204	-22076755661.223545
	327	1204	-2059374212.0417495
	329	1204	-69894495316.54495
	331	1204	-6191292336.149431
	333	1204	-50258639012.61443
	335	1204	-4628459370.565885
	337	1204	-21872268430.22437
	339	1204	-1993636012.5585485
	341	1204	-69354245640.5304
	343	1204	-6077745676.439202
	345	1204	-49844790677.64107
	347	1204	-4446466093.79168
	349	1204	-21668342850.159733
	351	1204	-1947761848.3469229
	353	1204	-68552233451.172264
	355	1204	-5843901913.32431
	357	1204	-49260893739.61702
	359	1204	-4466955715.504544
	361	1204	-21426008452.883934
	363	1204	-1922772022.5433445
	365	1204	-67808385894.52821
	367	1204	-5904663530.7301855
	369	1204	-48671118001.81533
	371	1204	-4427919135.899962
	373	1204	-21172220369.49101
	375	1204	-1918114219.042793
	377	1204	-67024837578.0231
	379	1204	-5837788205.622282
	381	1204	-48183011276.96432
	383	1204	-4238533410.508797
	385	1204	-20952006835.21999
	387	1204	-1842795982.3293283
	389	1204	-66307094645.92134
	391	1204	-5706549319.966422
	393	1204	-47604497422.427505
	395	1204	-4318659814.879184
	397	1204	-20674970471.355278
	399	1204	-1887799268.2896974
	401	1204	-65423660205.09955
	403	1204	-5660444162.4813175
	405	1204	-47014042962.81074
	407	1204	-4202152654.6814923
	409	1204	-20457704234.287098
	411	1204	-1808749221.0902073
	413	1204	-64737320736.802216
	415	1204	-5436396764.814917
	417	1204	-46606470898.89171
	419	1204	-4000667583.948813
	421	1204	-20229598765.589005
	423	1204	-1732833516.6250174
	425	1204	-63985721834.87232
	427	1204	-5235335643.752513
	429	1204	-46010425978.13748
	431	1204	-3902851055.19762
	433	1204	-19970386425.122086
	435	1204	-1686806004.7016854
	437	1204	-63209605049.01136
	439	1204	-4998595499.354014
	441	1204	-45383339200.91868
	443	1204	-3704277801.627004
	445	1204	-19716493986.349194
	447	1204	-1608239806.6903927
	449	1204	-62416528534.24529
	451	1204	-4777198937.068976
	453	1204	-44768457711.12157
	455	1204	-3542420982.7698717
	457	1204	-19416154399.40959
	459	1204	-1548579612.9158692
	461	1204	-61420371957.277855
	463	1204	-4596610006.893728
	465	1204	-44062501389.950066
	467	1204	-3489426573.242787
	469	1204	-19121476551.033096
	471	1204	-1521066568.4768322
	473	1204	-60508228546.624176
	475	1204	-4644763526.9049225
	477	1204	-43455608930.10998
	479	1204	-3500261118.612699
	481	1204	-18862906545.629475
	483	1204	-1524568868.0014913
	485	1204	-59608301012.28041
	487	1204	-4592015374.755728
	489	1204	-42795162996.52583
	491	1204	-3370256794.4919224
	493	1204	-18563354026.164425
	495	1204	-1508333391.600791
	497	1204	-58609766086.73021
	499	1204	-4477327597.103078
	501	1204	-42002120801.40262
	503	1204	-3305133504.7551975
	505	1204	-18196172896.675983
	507	1204	-1417770587.649475
	509	1204	-57528589870.80035
	511	1204	-4280465859.3658915
	513	1204	-41276534044.944405
	515	1204	-3179417297.1988792
	517	1204	-17894677376.107258
	519	1204	-1392833737.6375391
	521	1204	-56565246652.51222
	523	1204	-4196227853.979439
	525	1204	-40615450089.77988
	527	1204	-3086417583.1865187
	529	1204	-17632207909.334343
	531	1204	-1336518006.8077424
	533	1204	-55748557456.748436
	535	1204	-4121145219.981454
	537	1204	-39963835003.99343
	539	1204	-3017069744.049444
	541	1204	-17341613336.696186
	543	1204	-1314457959.8697019
	545	1204	-54811743110.81283
	547	1204	-3873582118.103082
	549	1204	-39298069996.10987
	551	1204	-2834956421.30106
	553	1204	-17011872664.463966
	555	1204	-1245006941.2567325
	557	1204	-53784646454.149704
	559	1204	-3639305299.1272135
	561	1204	-38561031114.02629
	563	1204	-2679957875.0835633
	565	1204	-16714586437.652565
	567	1204	-1167116636.960258
	569	1204	-52797146122.35115
	571	1204	-3575252062.7738724
	573	1204	-37753797412.692696
	575	1204	-2596010212.391887
	577	1204	-16400579155.003656
	579	1204	-1124262920.6315963
	581	1204	-51795470513.917206
	583	1204	-3353666287.0738263
	585	1204	-37094791627.32802
	587	1204	-2533513558.336404
	589	1204	-16080393762.021097
	591	1204	-1112365524.679819
	593	1204	-50794187446.8578
	595	1204	-3281091376.901561
	597	1204	-36310718724.31831
	599	1204	-2474612805.0306582
	601	1204	-15723956704.208332
	603	1204	-1071045473.8041354
	605	1204	-49698850746.80866
	607	1204	-3335560823.774273
	609	1204	-35550279573.34003
	611	1204	-2412761000.973963
	613	1204	-15398524611.958008
	615	1204	-1079905694.7102902
	617	1204	-48589987439.393364
	619	1204	-3334368793.4612546
	621	1204	-34758902123.3224
	623	1204	-2466294045.0899863
	625	1204	-15065065943.151318
	627	1204	-1081810006.2961576
	629	1204	-47535403563.913635
	631	1204	-3282060937.3655396
	633	1204	-34040465798.45149
	635	1204	-2532637897.770241
	637	1204	-14732966841.288239
	639	1204	-1085577229.3869476
	641	1204	-46513329276.551315
	643	1204	-3215789160.4076524
	645	1204	-33350606358.13159
	647	1204	-2366264429.550537
	649	1204	-14476579786.345423
	651	1204	-1015254341.8875629
	653	1204	-45656551371.01181
	655	1204	-3033613627.8570147
	657	1204	-32615375058.12881
	659	1204	-2241105766.5989056
	661	1204	-14112092867.033451
	663	1204	-955436213.8910607
	665	1204	-44471734650.70719
	667	1204	-2839880740.895508
	669	1204	-31751150853.638702
	671	1204	-2079530687.2233264
	673	1204	-13733129528.133127
	675	1204	-895947463.9234351
	677	1204	-43345938992.49567
	679	1204	-2644378594.9375
	681	1204	-30991030092.55449
	683	1204	-1960832656.4771698
	685	1204	-13406674494.643261
	687	1204	-859694350.4205457
	689	1204	-42270528816.603874
	691	1204	-2660547791.1353493
	693	1204	-30202306355.752842
	695	1204	-1919140382.2926042
	697	1204	-13073204342.368282
	699	1204	-850720028.6075482
	701	1204	-41147904096.91343
	703	1204	-2521360178.1919765
	705	1204	-29393919438.425636
	707	1204	-1858890966.542057
	709	1204	-12688931691.49848
	711	1204	-810802917.8895103
	713	1204	-39982615666.85359
	715	1204	-2389915574.319701
	717	1204	-28527344339.68366
	719	1204	-1729411471.7039473
	721	1204	-12321349726.134907
	723	1204	-757069945.6762425
	725	1204	-38818315930.99856
	727	1204	-2166187447.8345613
	729	1204	-27701076970.73628
	731	1204	-1551417480.1978512
	733	1204	-11985754872.119265
	735	1204	-671352832.6542109
	737	1204	-37803059983.10916
	739	1204	-1972260917.8326643
	741	1204	-27048411699.560577
	743	1204	-1458796016.15461
	745	1204	-11659948558.236753
	747	1204	-620090479.4016566
	749	1204	-36720432177.95938
	751	1204	-1937885355.358774
	753	1204	-26138110348.345905
	755	1204	-1374015752.0055726
	757	1204	-11302093147.162077
	759	1204	-592059910.1312597
	761	1204	-35559662146.871796
	763	1204	-1770126976.4057183
	765	1204	-25353832779.931374
	767	1204	-1350053244.3965514
	769	1204	-10952386072.370821
	771	1204	-569111333.5765293
	773	1204	-34503012256.5558
	775	1204	-1720654582.925157
	777	1204	-24615717360.318237
	779	1204	-1251497140.0993571
	781	1204	-10600168544.967133
	783	1204	-536389252.91729856
	785	1204	-33464327995.982082
	787	1204	-1590741462.5002134
	789	1204	-23802256955.471092
	791	1204	-1125103726.6341877
	793	1204	-10266621347.898586
	795	1204	-490837814.1622654
	797	1204	-32505962932.100048
	799	1204	-1509091211.869792
	801	1204	-23123347589.50001
	803	1204	-1112540293.7667546
	805	1204	-9958320199.436403
	807	1204	-470881299.0871721
	809	1204	-31346896766.48421
	811	1204	-1397964393.787545
	813	1204	-22289869665.368374
	815	1204	-1051930562.8656011
	817	1204	-9617108797.932152
	819	1204	-474261838.27993435
	821	1204	-30202620820.386414
	823	1204	-1466919239.9040456
	825	1204	-21396555811.067104
	827	1204	-1011268608.1380606
	829	1204	-9221913580.390923
	831	1204	-457883753.2456436
	833	1204	-29091057355.476734
	835	1204	-1348713476.0758514
	837	1204	-20718779779.01571
	839	1204	-976790437.6589715
	841	1204	-8889538893.687843
	843	1204	-453619599.2793347
	845	1204	-27900460385.930126
	847	1204	-1311430521.2079506
	849	1204	-19760518056.19747
	851	1204	-1018438976.3048074
	853	1204	-8488632264.345791
	855	1204	-439669852.58054185
	857	1204	-26774004957.678295
	859	1204	-1336502171.5799215
	861	1204	-18985299362.837128
	863	1204	-981921228.7222835
	865	1204	-8137510204.191647
	867	1204	-404645630.9523551
	869	1204	-25701585744.846222
	871	1204	-1105152071.5956502
	873	1204	-18309523698.915073
	875	1204	-787457785.8473668
	877	1204	-7842531861.913877
	879	1204	-348250913.4339892
	881	1204	-24639932576.52672
	883	1204	-1059118383.2790034
	885	1204	-17436470737.64237
	887	1204	-828156802.2161152
	889	1204	-7491530440.210653
	891	1204	-357590348.73992527
	893	1204	-23465625949.464592
	895	1204	-1127078523.1652641
	897	1204	-16584299853.317495
	899	1204	-797802770.9198139
	901	1204	-7125078893.718059
	903	1204	-354965823.0635232
	905	1204	-22387647802.21534
	907	1204	-1004240146.8426844
	909	1204	-15805763672.52718
	911	1204	-769150917.7202415
	913	1204	-6763570580.792001
	915	1204	-345627392.110683
	917	1204	-21285566874.99601
	919	1204	-1001109675.5968413
	921	1204	-14966105021.252737
	923	1204	-740972089.5502421
	925	1204	-6412284325.479427
	927	1204	-321505674.5789949
	929	1204	-20196751056.071415
	931	1204	-1047340856.0497636
	933	1204	-14172610189.167147
	935	1204	-798255880.8119619
	937	1204	-6071298172.400331
	939	1204	-349496761.021905
	941	1204	-19053995722.622375
	943	1204	-1095769299.5631928
	945	1204	-13397672624.185122
	947	1204	-791095134.5615196
	949	1204	-5705941111.835281
	951	1204	-361793143.3272281
	953	1204	-17967206223.95276
	955	1204	-1084068546.2078416
	957	1204	-12611015810.391842
	959	1204	-835936839.7172676
	961	1204	-5369747175.483233
	963	1204	-378736633.3102989
	965	1204	-16803400060.846642
	967	1204	-1091829627.2805686
	969	1204	-11713689068.845592
	971	1204	-760758801.365921
	973	1204	-4979589114.01998
	975	1204	-336972864.8216219
	977	1204	-15558038819.966057
	979	1204	-915046563.5411832
	981	1204	-10852730128.074842
	983	1204	-706162681.5613512
	985	1204	-4638594040.449298
	987	1204	-317841926.09156084
	989	1204	-14527538854.011484
	991	1204	-1035404530.5605012
	993	1204	-10083161571.941336
	995	1204	-747971933.5542781
	997	1204	-4254983344.194545
	999	1204	-307110437.2381486
	1001	1204	-13322163106.777424
	1003	1204	-886672577.1098596
	1005	1204	-9242892630.730644
	1007	1204	-705569904.3248421
	1009	1204	-3923512332.751145
	1011	1204	-284571206.2914725
	1013	1204	-12243751353.411165
	1015	1204	-790960895.8776011
	1017	1204	-8414952738.64578
	1019	1204	-629407283.4134061
	1021	1204	-3533111528.6461897
	1023	1204	-279915523.4550887
	1025	1204	-11069632381.166222
	1027	1204	-785675263.8732116
	1029	1204	-7649373746.023342
	1031	1204	-585491265.3498487
	1033	1204	-3217668517.6897945
	1035	1204	-262124147.6435078
	1037	1204	-9999515568.29715
	1039	1204	-769559425.0738935
	1041	1204	-6830911578.152689
	1043	1204	-526391018.05394846
	1045	1204	-2837823439.294848
	1047	1204	-239091717.27464217
	1049	1204	-8881540155.737738
	1051	1204	-698405214.7704772
	1053	1204	-6025964348.136989
	1055	1204	-511155913.89349884
	1057	1204	-2487646246.6298523
	1059	1204	-218450105.08971772
	1061	1204	-7871818835.52412
	1063	1204	-669654232.0772618
	1065	1204	-5272064335.20911
	1067	1204	-507423515.06052315
	1069	1204	-2190356595.7194386
	1071	1204	-210027778.8273282
	1073	1204	-6797123385.918478
	1075	1204	-678279102.13767
	1077	1204	-4501905529.986239
	1079	1204	-480850480.4708865
	1081	1204	-1826779055.9899342
	1083	1204	-183819928.90285975
	1085	1204	-5638087829.120842
	1087	1204	-520966943.3147412
	1089	1204	-3760055712.7553835
	1091	1204	-414559422.59162366
	1093	1204	-1525346610.2578933
	1095	1204	-185396956.52558345
	1097	1204	-4674362856.386955
	1099	1204	-554176858.1206229
	1101	1204	-3044886068.8026166
	1103	1204	-390527970.7226604
	1105	1204	-1208453704.7778835
	1107	1204	-170500629.8490793
	1109	1204	-3697623869.583703
	1111	1204	-505741806.953318
	1113	1204	-2336185815.0471706
	1115	1204	-402443988.6204174
	1117	1204	-909967976.6415774
	1119	1204	-177805926.91072008
	1121	1204	-2898995955.3438663
	1123	1204	-579221736.1137956
	1125	1204	-1805705919.9102867
	1127	1204	-386828994.1057793
	1129	1204	-710737433.4263748
	1131	1204	-180923449.3449383
	1133	1204	-2110498900.631785
	1135	1204	-461438558.7040918
	1137	1204	-1247253868.1020355
	1139	1204	-367189665.98342717
	1141	1204	-470918683.11137205
	1143	1204	-165250840.9235427
	1145	1204	-1366261566.8917744
	1147	1204	-400176520.85218894
	1149	1204	-741530655.402957
	1151	1204	-304270498.1293807
	1153	1204	-258205979.24412873
	1155	1204	-142310084.93698612
	1157	1204	-784132518.9149109
	1159	1204	-355997578.7680615
	1161	1204	-363074801.2076299
	1163	1204	-283285016.82971144
	1165	1204	-105816382.25241648
	1167	1204	-119386268.9844177
	1169	1204	-330967218.2883531
	1171	1204	-271818986.3172689
	1173	1204	-104487677.13298303
	1175	1204	-188209152.00055873
	1177	1204	-26432877.867596216
	1179	1204	-88027136.70107408
	1181	1204	-96081523.20383456
	1183	1204	-277708423.48010963
	1185	1204	11615176.56406784
	1187	1204	-132697276.5960523
	1189	1204	15138180.856757786
	1191	1204	-28171356.847214967
	1193	1204	15801052.148148492
	1195	1204	-75341732.08870773
	1197	1204	18197434.417487577
	1199	1204	-46439264.55215701
	1204	1204	0
	1205	1205	2e+10
	1206	1206	2e+10
	1207	1207	2e+11
	1208	1208	2e+11
	1209	1209	2e+11
	1210	1210	2e+11
	1211	1211	2e+11
	1212	1212	2e+11
	1213	1213	2e+11
	1214	1214	2e+11
	1215	1215	2e+11
	1216	1216	2e+11
	1217	1217	2e+11
	1218	1218	2e+11
	1219	1219	2e+11
	1220	1220	2e+11
	1221	1221	2e+11
	1222	1222	2e+11
	1223	1223	2e+11
	1224	1224	2e+11
	1225	1225	2e+11
	1226	1226	2e+11
	1227	1227	2e+11
	1228	1228	2e+11
	1229	1229	2e+11
	1230	1230	2e+11
	1231	1231	2e+11
	1232	1232	2e+11
	1233	1233	2e+11
	1234	1234	2e+11
	1235	1235	2e+11
	1236	1236	2e+11
	1237	1237	2e+11
	1238	1238	2e+11
	1239	1239	2e+11
	1240	1240	2e+11
	1241	1241	2e+11
	1242	1242	2e+11
	1243	1243	2e+11
	1244	1244	2e+11
	1245	1245	2e+11
	1246	1246	2e+11
	1247	1247	2e+11
	1248	1248	2e+11
	1249	1249	2e+11
	1250	1250	2e+11
	1251	1251	2e+11
	1252	1252	2e+11
	1253	1253	2e+11
	1254	1254	2e+11
	1255	1255	2e+11
	1256	1256	2e+11
	1257	1257	2e+11
	1258	1258	2e+11
	1259	1259	2e+11
	1260	1260	2e+11
	1261	1261	2e+11
	1262	1262	2e+11
	1263	1263	2e+11
	1264	1264	2e+11
	1265	1265	2e+11
	1266	1266	2e+11
	1267	1267	2e+11
	1268	1268	2e+11
	1269	1269	2e+11
	1270	1270	2e+11
	1271	1271	2e+11
	1272	1272	2e+11
	1273	1273	2e+11
	1274	1274	2e+11
	1275	1275	2e+11
	1276	1276	2e+11
	1277	1277	2e+11
	1278	1278	2e+11
	1279	1279	2e+11
	1280	1280	2e+11
	1281	1281	2e+11
	1282	1282	2e+11
	1283	1283	2e+11
	1284	1284	2e+11
	1285	1285	2e+11
	1286	1286	2e+11
	1287	1287	2e+11
	1288	1288	2e+11
	1289	1289	2e+11
	1290	1290	2e+11
	1291	1291	2e+11
	1292	1292	2e+11
	1293	1293	2e+11
	1294	1294	2e+11
	1295	1295	2e+11
	1296	1296	2e+11
	1297	1297	2e+11
	1298	1298	2e+11
	1299	1299	2e+11
	1300	1300	2e+11
	1301	1301	2e+11
	1302	1302	2e+11
	1303	1303	2e+11
	1304	1304	2e+11
	1305	1305	2e+11
	1306	1306	2e+11
	1307	1307	2e+11
	1308	1308	2e+11
	1309	1309	2e+11
	1310	1310	2e+11
	1311	1311	2e+11
	1312	1312	2e+11
	1313	1313	2e+11
	1314	1314	2e+11
	1315	1315	2e+11
	1316	1316	2e+11
	1317	1317	2e+11
	1318	1318	2e+11
	1319	1319	2e+11
	1320	1320	2e+11
	1321	1321	2e+11
	1322	1322	2e+11
	1323	1323	2e+11
	1324	1324	2e+11
	1325	1325	2e+11
	1326	1326	2e+11
	1327	1327	2e+11
	1328	1328	2e+11
	1329	1329	2e+11
	1330	1330	2e+11
	1331	1331	2e+11
	1332	1332	2e+11
	1333	1333	2e+11
	1334	1334	2e+11
	1335	1335	2e+11
	1336	1336	2e+11
	1337	1337	2e+11
	1338	1338	2e+11
	1339	1339	2e+11
	1340	1340	2e+11
	1341	1341	2e+11
	1342	1342	2e+11
	1343	1343	2e+11
	1344	1344	2e+11
	1345	1345	2e+11
	1346	1346	2e+11
	1347	1347	2e+11
	1348	1348	2e+11
	1349	1349	2e+11
	1350	1350	2e+11
	1351	1351	2e+11
	1352	1352	2e+11
	1353	1353	2e+11
	1354	1354	2e+11
	1355	1355	2e+11
	1356	1356	2e+11
	1357	1357	2e+11
	1358	1358	2e+11
	1359	1359	2e+11
	1360	1360	2e+11
	1361	1361	2e+11
	1362	1362	2e+11
	1363	1363	2e+11
	1364	1364	2e+11
	1365	1365	2e+11
	1366	1366	2e+11
	1367	1367	2e+11
	1368	1368	2e+11
	1369	1369	2e+11
	1370	1370	2e+11
	1371	1371	2e+11
	1372	1372	2e+11
	1373	1373	2e+11
	1374	1374	2e+11
	1375	1375	2e+11
	1376	1376	2e+11
	1377	1377	2e+11
	1378	1378	2e+11
	1379	1379	2e+11
	1380	1380	2e+11
	1381	1381	2e+11
	1382	1382	2e+11
	1383	1383	2e+11
	1384	1384	2e+11
	1385	1385	2e+11
	1386	1386	2e+11
	1387	1387	2e+11
	1388	1388	2e+11
	1389	1389	2e+11
	1390	1390	2e+11
	1391	1391	2e+11
	1392	1392	2e+11
	1393	1393	2e+11
	1394	1394	2e+11
	1395	1395	2e+11
	1396	1396	2e+11
	1397	1397	2e+11
	1398	1398	2e+11
	1399	1399	2e+11
	1400	1400	2e+11
	1401	1401	2e+11
	1402	1402	2e+11
	1403	1403	2e+11
	1404	1404	2e+11
	1405	1405	2e+11
	1406	1406	2e+11
	1407	1407	2e+11
	1408	1408	2e+11
	1409	1409	2e+11
	1410	1410	2e+11
	1411	1411	2e+11
	1412	1412	2e+11
	1413	1413	2e+11
	1414	1414	2e+11
	1415	1415	2e+11
	1416	1416	2e+11
	1417	1417	2e+11
	1418	1418	2e+11
	1419	1419	2e+11
	1420	1420	2e+11
	1421	1421	2e+11
	1422	1422	2e+11
	1423	1423	2e+11
	1424	1424	2e+11
	1425	1425	2e+11
	1426	1426	2e+11
	1427	1427	2e+11
	1428	1428	2e+11
	1429	1429	2e+11
	1430	1430	2e+11
	1431	1431	2e+11
	1432	1432	2e+11
	1433	1433	2e+11
	1434	1434	2e+11
	1435	1435	2e+11
	1436	1436	2e+11
	1437	1437	2e+11
	1438	1438	2e+11
	1439	1439	2e+11
	1440	1440	2e+11
	1441	1441	2e+11
	1442	1442	2e+11
	1443	1443	2e+11
	1444	1444	2e+11
	1445	1445	2e+11
	1446	1446	2e+11
	1447	1447	2e+11
	1448	1448	2e+11
	1449	1449	2e+11
	1450	1450	2e+11
	1451	1451	2e+11
	1452	1452	2e+11
	1453	1453	2e+11
	1454	1454	2e+11
	1455	1455	2e+11
	1456	1456	2e+11
	1457	1457	2e+11
	1458	1458	2e+11
	1459	1459	2e+11
	1460	1460	2e+11
	1461	1461	2e+11
	1462	1462	2e+11
	1463	1463	2e+11
	1464	1464	2e+11
	1465	1465	2e+11
	1466	1466	2e+11
	1467	1467	2e+11
	1468	1468	2e+11
	1469	1469	2e+11
	1470	1470	2e+11
	1471	1471	2e+11
	1472	1472	2e+11
	1473	1473	2e+11
	1474	1474	2e+11
	1475	1475	2e+11
	1476	1476	2e+11
	1477	1477	2e+11
	1478	1478	2e+11
	1479	1479	2e+11
	1480	1480	2e+11
	1481	1481	2e+11
	1482	1482	2e+11
	1483	1483	2e+11
	1484	1484	2e+11
	1485	1485	2e+11
	1486	1486	2e+11
	1487	1487	2e+11
	1488	1488	2e+11
	1489	1489	2e+11
	1490	1490	2e+11
	1491	1491	2e+11
	1492	1492	2e+11
	1493	1493	2e+11
	1494	1494	2e+11
	1495	1495	2e+11
	1496	1496	2e+11
	1497	1497	2e+11
	1498	1498	2e+11
	1499	1499	2e+11
	1500	1500	2e+11
	1501	1501	2e+11
	1502	1502	2e+11
	1503	1503	2e+11
	1504	1504	2e+11
	1505	1505	2e+11
	1506	1506	2e+11
	1507	1507	2e+11
	1508	1508	2e+11
	1509	1509	2e+11
	1510	1510	0
	1511	1511	0
	1512	1512	0
	1513	1513	0
	1514	1514	0
	1515	1515	0
	1516	1516	0
	1517	1517	0
	1518	1518	0
	1519	1519	0
	1520	1520	0
	1521	1521	0
	1522	1522	0
	1523	1523	0
	1524	1524	0
	1525	1525	0
	1526	1526	0
	1527	1527	0
	1528	1528	0
	1529	1529	0
	1530	1530	0
	1531	1531	0
	1532	1532	0
	1533	1533	0
	1534	1534	0
	1535	1535	0
	1536	1536	0
	1537	1537	0
	1538	1538	0
	1539	1539	0
	1540	1540	0
	1541	1541	0
	1542	1542	0
	1543	1543	0
	1544	1544	0
	1545	1545	0
	1546	1546	0
	1547	1547	0
	1548	1548	0
	1549	1549	0
	1550	1550	0
	1551	1551	0
	1552	1552	0
	1553	1553	0
	1554	1554	0
	1555	1555	0
	1556	1556	0
	1557	1557	0
	1558	1558	0
	1559	1559	0
	1560	1560	0
	1561	1561	0
	1562	1562	0
	1563	1563	0
	1564	1564	0
	1565	1565	0
	1566	1566	0
	1567	1567	0
	1568	1568	0
	1569	1569	0
	1570	1570	0
	1571	1571	0
	1572	1572	0
	1573	1573	0
	1574	1574	0
	1575	1575	0
	1576	1576	0
	1577	1577	0
	1578	1578	0
	1579	1579	0
	1580	1580	0
	1581	1581	0
	1582	1582	0
	1583	1583	0
	1584	1584	0
	1585	1585	0
	1586	1586	0
	1587	1587	0
	1588	1588	0
	1589	1589	0
	1590	1590	0
	1591	1591	0
	1592	1592	0
	1593	1593	0
	1594	1594	0
	1595	1595	0
	1596	1596	0
	1597	1597	0
	1598	1598	0
	1599	1599	0
	1600	1600	0
	1601	1601	0
	1602	1602	0
	1603	1603	0
	1604	1604	0
	1605	1605	0
	1606	1606	0
	1607	1607	0
	1608	1608	0
	1609	1609	0
	1610	1610	0
	1611	1611	0
	1612	1612	0
	1613	1613	0
	1614	1614	0
	1615	1615	0
	1616	1616	0
	1617	1617	0
	1618	1618	0
	1619	1619	0
	1620	1620	0
	1621	1621	0
	1622	1622	0
	1623	1623	0
	1624	1624	0
	1625	1625	0
	1626	1626	0
	1627	1627	0
	1628	1628	0
	1629	1629	0
	1630	1630	0
	1631	1631	0
	1632	1632	0
	1633	1633	0
	1634	1634	0
	1635	1635	0
	1636	1636	0
	1637	1637	0
	1638	1638	0
	1639	1639	0
	1640	1640	0
	1641	1641	0
	1642	1642	0
	1643	1643	0
	1644	1644	0
	1645	1645	0
	1646	1646	0
	1647	1647	0
	1648	1648	0
	1649	1649	0
	1650	1650	0
	1651	1651	0
	1652	1652	0
	1653	1653	0
	1654	1654	0
	1655	1655	0
	1656	1656	0
	1657	1657	0
	1658	1658	0
	1659	1659	0
	1660	1660	0
	1661	1661	0
	1662	1662	0
	1663	1663	0
	1664	1664	0
	1665	1665	0
	1666	1666	0
	1667	1667	0
	1668	1668	0
	1669	1669	0
	1670	1670	0
	1671	1671	0
	1672	1672	0
	1673	1673	0
	1674	1674	0
	1675	1675	0
	1676	1676	0
	1677	1677	0
	1678	1678	0
	1679	1679	0
	1680	1680	0
	1681	1681	0
	1682	1682	0
	1683	1683	0
	1684	1684	0
	1685	1685	0
	1686	1686	0
	1687	1687	0
	1688	1688	0
	1689	1689	0
	1690	1690	0
	1691	1691	0
	1692	1692	0
	1693	1693	0
	1694	1694	0
	1695	1695	0
	1696	1696	0
	1697	1697	0
	1698	1698	0
	1699	1699	0
	1700	1700	0
	1701	1701	0
	1702	1702	0
	1703	1703	0
	1704	1704	0
	1705	1705	0
	1706	1706	0
	1707	1707	0
	1708	1708	0
	1709	1709	0
	1710	1710	0
	1711	1711	0
	1712	1712	0
	1713	1713	0
	1714	1714	0
	1715	1715	0
	1716	1716	0
	1717	1717	0
	1718	1718	0
	1719	1719	0
	1720	1720	0
	1721	1721	0
	1722	1722	0
	1723	1723	0
	1724	1724	0
	1725	1725	0
	1726	1726	0
	1727	1727	0
	1728	1728	0
	1729	1729	0
	1730	1730	0
	1731	1731	0
	1732	1732	0
	1733	1733	0
	1734	1734	0
	1735	1735	0
	1736	1736	0
	1737	1737	0
	1738	1738	0
	1739	1739	0
	1740	1740	0
	1741	1741	0
	1742	1742	0
	1743	1743	0
	1744	1744	0
	1745	1745	0
	1746	1746	0
	1747	1747	0
	1748	1748	0
	1749	1749	0
	1750	1750	0
	1751	1751	0
	1752	1752	0
	1753	1753	0
	1754	1754	0
	1755	1755	0
	1756	1756	0
	1757	1757	0
	1758	1758	0
	1759	1759	0
	1760	1760	0
	1761	1761	0
	1762	1762	0
	1763	1763	0
	1764	1764	0
	1765	1765	0
	1766	1766	0
	1767	1767	0
	1768	1768	0
	1769	1769	0
	1770	1770	0
	1771	1771	0
	1772	1772	0
	1773	1773	0
	1774	1774	0
	1775	1775	0
	1776	1776	0
	1777	1777	0
	1778	1778	0
	1779	1779	0
	1780	1780	0
	1781	1781	0
	1782	1782	0
	1783	1783	0
	1784	1784	0
	1785	1785	0
	1786	1786	0
	1787	1787	0
	1788	1788	0
	1789	1789	0
	1790	1790	0
	1791	1791	0
	1792	1792	0
	1793	1793	0
	1794	1794	0
	1795	1795	0
	1796	1796	0
	1797	1797	0
	1798	1798	0
	1799	1799	0
	1800	1800	0
	1801	1801	0
	1802	1802	0
	1803	1803	0
	1804	1804	0
	1805	1805	0
	1806	1806	0
	1807	1807	0
	1808	1808	0
	1809	1809	0
	1810	1810	0
	1811	1811	0
	1812	1812	0
	1813	1813	0
	1814	1814	0
	1815	1815	0
	1816	1816	0
	1817	1817	0
	1818	1818	0
	1819	1819	0
	1820	1820	0
	1821	1821	0
	1822	1822	0
	1823	1823	0
	1824	1824	0
	1825	1825	0
	1826	1826	0
	1827	1827	0
	1828	1828	0
	1829	1829	0
	1830	1830	0
	1831	1831	0
	1832	1832	0
	1833	1833	0
	1834	1834	0
	1835	1835	0
	1836	1836	0
	1837	1837	0
	1838	1838	0
	1839	1839	0
	1840	1840	0
	1841	1841	0
	1842	1842	0
	1843	1843	0
	1844	1844	0
	1845	1845	0
	1846	1846	0
	1847	1847	0
	1848	1848	0
	1849	1849	0
	1850	1850	0
	1851	1851	0
	1852	1852	0
	1853	1853	0
	1854	1854	0
	1855	1855	0
	1856	1856	0
	1857	1857	0
	1858	1858	0
	1859	1859	0
	1860	1860	0
	1861	1861	0
	1862	1862	0
	1863	1863	0
	1864	1864	0
	1865	1865	0
	1866	1866	0
	1867	1867	0
	1868	1868	0
	1869	1869	0
	1870	1870	0
	1871	1871	0
	1872	1872	0
	1873	1873	0
	1874	1874	0
	1875	1875	0
	1876	1876	0
	1877	1877	0
	1878	1878	0
	1879	1879	0
	1880	1880	0
	1881	1881	0
	1882	1882	0
	1883	1883	0
	1884	1884	0
	1885	1885	0
	1886	1886	0
	1887	1887	0
	1888	1888	0
	1889	1889	0
	1890	1890	0
	1891	1891	0
	1892	1892	0
	1893	1893	0
	1894	1894	0
	1895	1895	0
	1896	1896	0
	1897	1897	0
	1898	1898	0
	1899	1899	0
	1900	1900	0
	1901	1901	0
	1902	1902	0
	1903	1903	0
	1904	1904	0
	1905	1905	0
	1906	1906	0
	1907	1907	0
	1908	1908	0
	1909	1909	0
	1910	1910	0
	1911	1911	0
	1912	1912	0
	1913	1913	0
	1914	1914	0
	1915	1915	0
	1916	1916	0
	1917	1917	0
	1918	1918	0
	1919	1919	0
	1920	1920	0
	1921	1921	0
	1922	1922	0
	1923	1923	0
	1924	1924	0
	1925	1925	0
	1926	1926	0
	1927	1927	0
	1928	1928	0
	1929	1929	0
	1930	1930	0
	1931	1931	0
	1932	1932	0
	1933	1933	0
	1934	1934	0
	1935	1935	0
	1936	1936	0
	1937	1937	0
	1938	1938	0
	1939	1939	0
	1940	1940	0
	1941	1941	0
	1942	1942	0
	1943	1943	0
	1944	1944	0
	1945	1945	0
	1946	1946	0
	1947	1947	0
	1948	1948	0
	1949	1949	0
	1950	1950	0
	1951	1951	0
	1952	1952	0
	1953	1953	0
	1954	1954	0
	1955	1955	0
	1956	1956	0
	1957	1957	0
	1958	1958	0
	1959	1959	0
	1960	1960	0
	1961	1961	0
	1962	1962	0
	1963	1963	0
	1964	1964	0
	1965	1965	0
	1966	1966	0
	1967	1967	0
	1968	1968	0
	1969	1969	0
	1970	1970	0
	1971	1971	0
	1972	1972	0
	1973	1973	0
	1974	1974	0
	1975	1975	0
	1976	1976	0
	1977	1977	0
	1978	1978	0
	1979	1979	0
	1980	1980	0
	1981	1981	0
	1982	1982	0
	1983	1983	0
	1984	1984	0
	1985	1985	0
	1986	1986	0
	1987	1987	0
	1988	1988	0
	1989	1989	0
	1990	1990	0
	1991	1991	0
	1992	1992	0
	1993	1993	0
	1994	1994	0
	1995	1995	0
	1996	1996	0
	1997	1997	0
	1998	1998	0
	1999	1999	0
	2000	2000	0
	2001	2001	0
	2002	2002	0
	2003	2003	0
	2004	2004	0
	2005	2005	0
	2006	2006	0
	2007	2007	0
	2008	2008	0
	2009	2009	0
	2010	2010	0
	2011	2011	0
	2012	2012	0
	2013	2013	0
	2014	2014	0
	2015	2015	0
	2016	2016	0
	2017	2017	0
	2018	2018	0
	2019	2019	0
	2020	2020	0
	2021	2021	0
	2022	2022	0
	2023	2023	0
	2024	2024	0
	2025	2025	0
	2026	2026	0
	2027	2027	0
	2028	2028	0
	2029	2029	0
	2030	2030	0
	2031	2031	0
	2032	2032	0
	2033	2033	0
	2034	2034	0
	2035	2035	0
	2036	2036	0
	2037	2037	0
	2038	2038	0
	2039	2039	0
	2040	2040	0
	2041	2041	0
	2042	2042	0
	2043	2043	0
	2044	2044	0
	2045	2045	0
	2046	2046	0
	2047	2047	0
	2048	2048	0
	2049	2049	0
	2050	2050	0
	2051	2051	0
	2052	2052	0
	2053	2053	0
	2054	2054	0
	2055	2055	0
	2056	2056	0
	2057	2057	0
	2058	2058	0
	2059	2059	0
	2060	2060	0
	2061	2061	0
	2062	2062	0
	2063	2063	0
	2064	2064	0
	2065	2065	0
	2066	2066	0
	2067	2067	0
	2068	2068	0
	2069	2069	0
	2070	2070	0
	2071	2071	0
	2072	2072	0
	2073	2073	0
	2074	2074	0
	2075	2075	0
	2076	2076	0
	2077	2077	0
	2078	2078	0
	2079	2079	0
	2080	2080	0
	2081	2081	0
	2082	2082	0
	2083	2083	0
	2084	2084	0
	2085	2085	0
	2086	2086	0
	2087	2087	0
	2088	2088	0
	2089	2089	0
	2090	2090	0
	2091	2091	0
	2092	2092	0
	2093	2093	0
	2094	2094	0
	2095	2095	0
	2096	2096	0
	2097	2097	0
	2098	2098	0
	2099	2099	0
	2100	2100	0
	2101	2101	0
	2102	2102	0
	2103	2103	0
	2104	2104	0
	2105	2105	0
	2106	2106	0
	2107	2107	0
	2108	2108	0
	2109	2109	0
	2110	2110	0
	2111	2111	0
	2112	2112	0
	2113	2113	0
	2114	2114	0
	2115	2115	0
	2116	2116	0
	2117	2117	0
	2118	2118	0
	2119	2119	0
	2120	2120	0
	2121	2121	0
	2122	2122	0
	2123	2123	0
	2124	2124	0
	2125	2125	0
	2126	2126	0
	2127	2127	0
	2128	2128	0
	2129	2129	0
	2130	2130	0
	2131	2131	0
	2132	2132	0
	2133	2133	0
	2134	2134	0
	2135	2135	0
	2136	2136	0
	2137	2137	0
	2138	2138	0
	2139	2139	0
	2140	2140	0
	2141	2141	0
	2142	2142	0
	2143	2143	0
	2144	2144	0
	2145	2145	0
	2146	2146	0
	2147	2147	0
	2148	2148	0
	2149	2149	0
	2150	2150	0
	2151	2151	0
	2152	2152	0
	2153	2153	0
	2154	2154	0
	2155	2155	0
	2156	2156	0
	2157	2157	0
	2158	2158	0
	2159	2159	0
	2160	2160	0
	2161	2161	0
	2162	2162	0
	2163	2163	0
	2164	2164	0
	2165	2165	0
	2166	2166	0
	2167	2167	0
	2168	2168	0
	2169	2169	0
	2170	2170	0
	2171	2171	0
	2172	2172	0
	2173	2173	0
	2174	2174	0
	2175	2175	0
	2176	2176	0
	2177	2177	0
	2178	2178	0
	2179	2179	0
	2180	2180	0
	2181	2181	0
	2182	2182	0
	2183	2183	0
	2184	2184	0
	2185	2185	0
	2186	2186	0
	2187	2187	0
	2188	2188	0
	2189	2189	0
	2190	2190	0
	2191	2191	0
	2192	2192	0
	2193	2193	0
	2194	2194	0
	2195	2195	0
	2196	2196	0
	2197	2197	0
	2198	2198	0
	2199	2199	0
	2200	2200	0
	2201	2201	0
	2202	2202	0
	2203	2203	0
	2204	2204	0
	2205	2205	0
	2206	2206	0
	2207	2207	0
	2208	2208	0
	2209	2209	0
	2210	2210	0
	2211	2211	0
	2212	2212	0
	2213	2213	0
	2214	2214	0
	2215	2215	0
	2216	2216	0
	2217	2217	0
	2218	2218	0
	2219	2219	0
	2220	2220	0
	2221	2221	0
	2222	2222	0
	2223	2223	0
	2224	2224	0
	2225	2225	0
	2226	2226	0
	2227	2227	0
	2228	2228	0
	2229	2229	0
	2230	2230	0
	2231	2231	0
	2232	2232	0
	2233	2233	0
	2234	2234	0
	2235	2235	0
	2236	2236	0
	2237	2237	0
	2238	2238	0
	2239	2239	0
	2240	2240	0
	2241	2241	0
	2242	2242	0
	2243	2243	0
	2244	2244	0
	2245	2245	0
	2246	2246	0
	2247	2247	0
	2248	2248	0
	2249	2249	0
	2250	2250	0
	2251	2251	0
	2252	2252	0
	2253	2253	0
	2254	2254	0
	2255	2255	0
	2256	2256	0
	2257	2257	0
	2258	2258	0
	2259	2259	0
	2260	2260	0
	2261	2261	0
	2262	2262	0
	2263	2263	0
	2264	2264	0
	2265	2265	0
	2266	2266	0
	2267	2267	0
	2268	2268	0
	2269	2269	0
	2270	2270	0
	2271	2271	0
	2272	2272	0
	2273	2273	0
	2274	2274	0
	2275	2275	0
	2276	2276	0
	2277	2277	0
	2278	2278	0
	2279	2279	0
	2280	2280	0
	2281	2281	0
	2282	2282	0
	2283	2283	0
	2284	2284	0
	2285	2285	0
	2286	2286	0
	2287	2287	0
	2288	2288	0
	2289	2289	0
	2290	2290	0
	2291	2291	0
	2292	2292	0
	2293	2293	0
	2294	2294	0
	2295	2295	0
	2296	2296	0
	2297	2297	0
	2298	2298	0
	2299	2299	0
	2300	2300	0
	2301	2301	0
	2302	2302	0
	2303	2303	0
	2304	2304	0
	2305	2305	0
	2306	2306	0
	2307	2307	0
	2308	2308	0
	2309	2309	0
	2310	2310	0
	2311	2311	0
	2312	2312	0
	2313	2313	0
	2314	2314	0
	2315	2315	0
	2316	2316	0
	2317	2317	0
	2318	2318	0
	2319	2319	0
	2320	2320	0
	2321	2321	0
	2322	2322	0
	2323	2323	0
	2324	2324	0
	2325	2325	0
	2326	2326	0
	2327	2327	0
	2328	2328	0
	2329	2329	0
	2330	2330	0
	2331	2331	0
	2332	2332	0
	2333	2333	0
	2334	2334	0
	2335	2335	0
	2336	2336	0
	2337	2337	0
	2338	2338	0
	2339	2339	0
	2340	2340	0
	2341	2341	0
	2342	2342	0
	2343	2343	0
	2344	2344	0
	2345	2345	0
	2346	2346	0
	2347	2347	0
	2348	2348	0
	2349	2349	0
	2350	2350	0
	2351	2351	0
	2352	2352	0
	2353	2353	0
	2354	2354	0
	2355	2355	0
	2356	2356	0
	2357	2357	0
	2358	2358	0
	2359	2359	0
	2360	2360	0
	2361	2361	0
	2362	2362	0
	2363	2363	0
	2364	2364	0
	2365	2365	0
	2366	2366	0
	2367	2367	0
	2368	2368	0
	2369	2369	0
	2370	2370	0
	2371	2371	0
	2372	2372	0
	2373	2373	0
	2374	2374	0
	2375	2375	0
	2376	2376	0
	2377	2377	0
	2378	2378	0
	2379	2379	0
	2380	2380	0
	2381	2381	0
	2382	2382	0
	2383	2383	0
	2384	2384	0
	2385	2385	0
	2386	2386	0
	2387	2387	0
	2388	2388	0
	2389	2389	0
	2390	2390	0
	2391	2391	0
	2392	2392	0
	2393	2393	0
	2394	2394	0
	2395	2395	0
	2396	2396	0
	2397	2397	0
	2398	2398	0
	2399	2399	0
	2400	2400	0
	2401	2401	0
	2402	2402	0
	2403	2403	0
	2404	2404	0
	2405	2405	0
	2406	2406	0
	2407	2407	0
	2408	2408	0
	2409	2409	0
	2410	2410	0
	2411	2411	0
	2412	2412	0
	2413	2413	0
	2414	2414	0
	2415	2415	0
	2416	2416	0
	2417	2417	0
	2418	2418	0
	2419	2419	0
	2420	2420	0
	2421	2421	0
	2422	2422	0
	2423	2423	0
	2424	2424	0
	2425	2425	0
	2426	2426	0
	2427	2427	0
	2428	2428	0
	2429	2429	0
	2430	2430	0
	2431	2431	0
	2432	2432	0
	2433	2433	0
	2434	2434	0
	2435	2435	0
	2436	2436	0
	2437	2437	0
	2438	2438	0
	2439	2439	0
	2440	2440	0
	2441	2441	0
	2442	2442	0
	2443	2443	0
	2444	2444	0
	2445	2445	0
	2446	2446	0
	2447	2447	0
	2448	2448	0
	2449	2449	0
	2450	2450	0
	2451	2451	0
	2452	2452	0
	2453	2453	0
	2454	2454	0
	2455	2455	0
	2456	2456	0
	2457	2457	0
	2458	2458	0
	2459	2459	0
	2460	2460	0
	2461	2461	0
	2462	2462	0
	2463	2463	0
	2464	2464	0
	2465	2465	0
	2466	2466	0
	2467	2467	0
	2468	2468	0
	2469	2469	0
	2470	2470	0
	2471	2471	0
	2472	2472	0
	2473	2473	0
	2474	2474	0
	2475	2475	0
	2476	2476	0
	2477	2477	0
	2478	2478	0
	2479	2479	0
	2480	2480	0
	2481	2481	0
	2482	2482	0
	2483	2483	0
	2484	2484	0
	2485	2485	0
	2486	2486	0
	2487	2487	0
	2488	2488	0
	2489	2489	0
	2490	2490	0
	2491	2491	0
	2492	2492	0
	2493	2493	0
	2494	2494	0
	2495	2495	0
	2496	2496	0
	2497	2497	0
	2498	2498	0
	2499	2499	0
	2500	2500	0
	2501	2501	0
	2502	2502	0
	2503	2503	0
	2504	2504	0
	2505	2505	0
	2506	2506	0
	2507	2507	0
	2508	2508	0
	2509	2509	0
	2510	2510	0
	2511	2511	0
	2512	2512	0
	2513	2513	0
	2514	2514	0
	2515	2515	0
	2516	2516	0
	2517	2517	0
	2518	2518	0
	2519	2519	0
	2520	2520	0
	2521	2521	0
	2522	2522	0
	2523	2523	0
	2524	2524	0
	2525	2525	0
	2526	2526	0
	2527	2527	0
	2528	2528	0
	2529	2529	0
	2530	2530	0
	2531	2531	0
	2532	2532	0
	2533	2533	0
	2534	2534	0
	2535	2535	0
	2536	2536	0
	2537	2537	0
	2538	2538	0
	2539	2539	0
	2540	2540	0
	2541	2541	0
	2542	2542	0
	2543	2543	0
	2544	2544	0
	2545	2545	0
	2546	2546	0
	2547	2547	0
	2548	2548	0
	2549	2549	0
	2550	2550	0
	2551	2551	0
	2552	2552	0
	2553	2553	0
	2554	2554	0
	2555	2555	0
	2556	2556	0
	2557	2557	0
	2558	2558	0
	2559	2559	0
	2560	2560	0
	2561	2561	0
	2562	2562	0
	2563	2563	0
	2564	2564	0
	2565	2565	0
	2566	2566	0
	2567	2567	0
	2568	2568	0
	2569	2569	0
	2570	2570	0
	2571	2571	0
	2572	2572	0
	2573	2573	0
	2574	2574	0
	2575	2575	0
	2576	2576	0
	2577	2577	0
	2578	2578	0
	2579	2579	0
	2580	2580	0
	2581	2581	0
	2582	2582	0
	2583	2583	0
	2584	2584	0
	2585	2585	0
	2586	2586	0
	2587	2587	0
	2588	2588	0
	2589	2589	0
	2590	2590	0
	2591	2591	0
	2592	2592	0
	2593	2593	0
	2594	2594	0
	2595	2595	0
	2596	2596	0
	2597	2597	0
	2598	2598	0
	2599	2599	0
	2600	2600	0
	2601	2601	0
	2602	2602	0
	2603	2603	0
	2604	2604	0
	2605	2605	0
	2606	2606	0
	2607	2607	0
	2608	2608	0
	2609	2609	0
	2610	2610	0
	2611	2611	0
	2612	2612	0
	2613	2613	0
	2614	2614	0
	2615	2615	0
	2616	2616	0
	2617	2617	0
	2618	2618	0
	2619	2619	0
	2620	2620	0
	2621	2621	0
	2622	2622	0
	2623	2623	0
	2624	2624	0
	2625	2625	0
	2626	2626	0
	2627	2627	0
	2628	2628	0
	2629	2629	0
	2630	2630	0
	2631	2631	0
	2632	2632	0
	2633	2633	0
	2634	2634	0
	2635	2635	0
	2636	2636	0
	2637	2637	0
	2638	2638	0
	2639	2639	0
	2640	2640	0
	2641	2641	0
	2642	2642	0
	2643	2643	0
	2644	2644	0
	2645	2645	0
	2646	2646	0
	2647	2647	0
	2648	2648	0
	2649	2649	0
	2650	2650	0
	2651	2651	0
	2652	2652	0
	2653	2653	0
	2654	2654	0
	2655	2655	0
	2656	2656	0
	2657	2657	0
	2658	2658	0
	2659	2659	0
	2660	2660	0
	2661	2661	0
	2662	2662	0
	2663	2663	0
	2664	2664	0
	2665	2665	0
	2666	2666	0
	2667	2667	0
	2668	2668	0
	2669	2669	0
	2670	2670	0
	2671	2671	0
	2672	2672	0
	2673	2673	0
	2674	2674	0
	2675	2675	0
	2676	2676	0
	2677	2677	0
	2678	2678	0
	2679	2679	0
	2680	2680	0
	2681	2681	0
	2682	2682	0
	2683	2683	0
	2684	2684	0
	2685	2685	0
	2686	2686	0
	2687	2687	0
	2688	2688	0
	2689	2689	0
	2690	2690	0
	2691	2691	0
	2692	2692	0
	2693	2693	0
	2694	2694	0
	2695	2695	0
	2696	2696	0
	2697	2697	0
	2698	2698	0
	2699	2699	0
	2700	2700	0
	2701	2701	0
	2702	2702	0
	2703	2703	0
	2704	2704	0
	2705	2705	0
	2706	2706	0
	2707	2707	0
	2708	2708	0
	2709	2709	0
	2710	2710	0
	2711	2711	0
	2712	2712	0
	2713	2713	0
	2714	2714	0
	2715	2715	0
	2716	2716	0
	2717	2717	0
	2718	2718	0
	2719	2719	0
	2720	2720	0
	2721	2721	0
	2722	2722	0
	2723	2723	0
	2724	2724	0
	2725	2725	0
	2726	2726	0
	2727	2727	0
	2728	2728	0
	2729	2729	0
	2730	2730	0
	2731	2731	0
	2732	2732	0
	2733	2733	0
	2734	2734	0
	2735	2735	0
	2736	2736	0
	2737	2737	0
	2738	2738	0
	2739	2739	0
	2740	2740	0
	2741	2741	0
	2742	2742	0
	2743	2743	0
	2744	2744	0
	2745	2745	0
	2746	2746	0
	2747	2747	0
	2748	2748	0
	2749	2749	0
	2750	2750	0
	2751	2751	0
	2752	2752	0
	2753	2753	0
	2754	2754	0
	2755	2755	0
	2756	2756	0
	2757	2757	0
	2758	2758	0
	2759	2759	0
	2760	2760	0
	2761	2761	0
	2762	2762	0
	2763	2763	0
	2764	2764	0
	2765	2765	0
	2766	2766	0
	2767	2767	0
	2768	2768	0
	2769	2769	0
	2770	2770	0
	2771	2771	0
	2772	2772	0
	2773	2773	0
	2774	2774	0
	2775	2775	0
	2776	2776	0
	2777	2777	0
	2778	2778	0
	2779	2779	0
	2780	2780	0
	2781	2781	0
	2782	2782	0
	2783	2783	0
	2784	2784	0
	2785	2785	0
	2786	2786	0
	2787	2787	0
	2788	2788	0
	2789	2789	0
	2790	2790	0
	2791	2791	0
	2792	2792	0
	2793	2793	0
	2794	2794	0
	2795	2795	0
	2796	2796	0
	2797	2797	0
	2798	2798	0
	2799	2799	0
	2800	2800	0
	2801	2801	0
	2802	2802	0
	2803	2803	0
	2804	2804	0
	2805	2805	0
	2806	2806	0
	2807	2807	0
	2808	2808	0
	2809	2809	0
	2810	2810	0
	2811	2811	0
	2812	2812	0
	2813	2813	0
	2814	2814	0
	2815	2815	0
	2816	2816	0
	2817	2817	0
	2818	2818	0
	2819	2819	0
	2820	2820	0
	2821	2821	0
	2822	2822	0
	2823	2823	0
	2824	2824	0
	2825	2825	0
	2826	2826	0
	2827	2827	0
	2828	2828	0
	2829	2829	0
	2830	2830	0
	2831	2831	0
	2832	2832	0
	2833	2833	0
	2834	2834	0
	2835	2835	0
	2836	2836	0
	2837	2837	0
	2838	2838	0
	2839	2839	0
	2840	2840	0
	2841	2841	0
	2842	2842	0
	2843	2843	0
	2844	2844	0
	2845	2845	0
	2846	2846	0
	2847	2847	0
	2848	2848	0
	2849	2849	0
	2850	2850	0
	2851	2851	0
	2852	2852	0
	2853	2853	0
	2854	2854	0
	2855	2855	0
	2856	2856	0
	2857	2857	0
	2858	2858	0
	2859	2859	0
	2860	2860	0
	2861	2861	0
	2862	2862	0
	2863	2863	0
	2864	2864	0
	2865	2865	0
	2866	2866	0
	2867	2867	0
	2868	2868	0
	2869	2869	0
	2870	2870	0
	2871	2871	0
	2872	2872	0
	2873	2873	0
	2874	2874	0
	2875	2875	0
	2876	2876	0
	2877	2877	0
	2878	2878	0
	2879	2879	0
	2880	2880	0
	2881	2881	0
	2882	2882	0
	2883	2883	0
	2884	2884	0
	2885	2885	0
	2886	2886	0
	2887	2887	0
	2888	2888	0
	2889	2889	0
	2890	2890	0
	2891	2891	0
	2892	2892	0
	2893	2893	0
	2894	2894	0
	2895	2895	0
	2896	2896	0
	2897	2897	0
	2898	2898	0
	2899	2899	0
	2900	2900	0
	2901	2901	0
	2902	2902	0
	2903	2903	0
	2904	2904	0
	2905	2905	0
	2906	2906	0
	2907	2907	0
	2908	2908	0
	2909	2909	0
	2910	2910	0
	2911	2911	0
	2912	2912	0
	2913	2913	0
	2914	2914	0
	2915	2915	0
	2916	2916	0
	2917	2917	0
	2918	2918	0
	2919	2919	0
	2920	2920	0
	2921	2921	0
	2922	2922	0
	2923	2923	0
	2924	2924	0
	2925	2925	0
	2926	2926	0
	2927	2927	0
	2928	2928	0
	2929	2929	0
	2930	2930	0
	2931	2931	0
	2932	2932	0
	2933	2933	0
	2934	2934	0
	2935	2935	0
	2936	2936	0
	2937	2937	0
	2938	2938	0
	2939	2939	0
	2940	2940	0
	2941	2941	0
	2942	2942	0
	2943	2943	0
	2944	2944	0
	2945	2945	0
	2946	2946	0
	2947	2947	0
	2948	2948	0
	2949	2949	0
	2950	2950	0
	2951	2951	0
	2952	2952	0
	2953	2953	0
	2954	2954	0
	2955	2955	0
	2956	2956	0
	2957	2957	0
	2958	2958	0
	2959	2959	0
	2960	2960	0
	2961	2961	0
	2962	2962	0
	2963	2963	0
	2964	2964	0
	2965	2965	0
	2966	2966	0
	2967	2967	0
	2968	2968	0
	2969	2969	0
	2970	2970	0
	2971	2971	0
	2972	2972	0
	2973	2973	0
	2974	2974	0
	2975	2975	0
	2976	2976	0
	2977	2977	0
	2978	2978	0
	2979	2979	0
	2980	2980	0
	2981	2981	0
	2982	2982	0
	2983	2983	0
	2984	2984	0
	2985	2985	0
	2986	2986	0
	2987	2987	0
	2988	2988	0
	2989	2989	0
	2990	2990	0
	2991	2991	0
	2992	2992	0
	2993	2993	0
	2994	2994	0
	2995	2995	0
	2996	2996	0
	2997	2997	0
	2998	2998	0
	2999	2999	0
	3000	3000	0
	3001	3001	0
	3002	3002	0
	3003	3003	0
	3004	3004	0
	3005	3005	0
	3006	3006	0
	3007	3007	0
	3008	3008	0
	3009	3009	0
