0.2820687486161002
0.008647953418310816
0.00026010711389989893
0.018183094145144345
0.2348891490309022
0.027436631811650014
0.002685247726557205
0.037521205274405854
0.2050411991500324
0.03741143424885385
0.004987659940213662
0.04862809948184393
0.19278571486331408
0.04113729827843238
0.006074943560031243
0.05296397173621526
0.16053984261542287
0.04820686038568556
0.009834652489681739
0.06256367649290004
0.1401396444962775
0.05136139677864682
0.012587954617541919
0.06770711071659528
0.13176338051523384
0.05240172344203786
0.013785445399636664
0.0696337505420633
0.10972427280407929
0.05325432865969493
0.0173075142732233
0.07321129236544106
0.09578133585325327
0.05288509216264281
0.01966637535381799
0.07470772917561981
0.09005640514968519
0.052557742549593445
0.020655658965752943
0.0751693759510689
0.07499332157204569
0.05039715415198154
0.02330968881907136
0.07515366545720134
0.06546373319847681
0.04840384829611266
0.024973479320060776
0.07451120451874883
0.061550911010108705
0.04746424430242113
0.02564994086951522
0.0741213938460076
0.05125573527792082
0.04409627670831662
0.027296029127485077
0.07208094026169719
0.044742541186178264
0.0415336885084574
0.028240013023660526
0.07026835240691282
0.042068242007632095
0.04039796943781371
0.028605691560631974
0.06942016914634143
0.0350317914156717
0.036792204678138596
0.02933622814167469
0.06635146730290985
0.030580214326112354
0.034213306902156404
0.029659587739420568
0.06397976519566305
0.02875240929126216
0.033096834075520776
0.029762970838403513
0.06292022134391043
0.02394320173414377
0.029733508417277843
0.029760341712170013
0.059442044709213125
0.02090067938563689
0.027400460169358265
0.029603877077521323
0.05688667888477904
0.019651428265109683
0.026402817742965712
0.02950759784651036
0.055766742975606534
0.016364475983533244
0.02348437963449912
0.0289701063435569
0.05225061871115422
0.014285001214271176
0.021496538123269127
0.0284745945562509
0.04973342606266946
0.013431174721629802
0.02065296688178453
0.02823934109199233
0.04864155225534883
0.011184639263751905
0.01823107075872099
0.027346237094420522
0.04529902476403144
0.009763379262779481
0.016601314511342613
0.02663382829093197
0.04294294388052531
0.009179813903055278
0.015913272670884715
0.026311382892945878
0.04192743999540165
0.0076443728223341
0.01396344200681765
0.0252094946545236
0.03886813570787623
0.006672983305989533
0.012662635486772489
0.024377614028290417
0.036733535870285564
0.006274133502188639
0.012115519868430402
0.024008803308804505
0.03581739920096646
0.0052247045674709836
0.01057981224257265
0.022810445829916537
0.03308741120465516
0.00456078832989415
0.009561887620920473
0.02193204122265724
0.031196041852047066
0.004288186189720489
0.009134962719488215
0.02154713961706345
0.03038672612854415
0.0035709322990629677
0.00794536327593176
0.020333363368038704
0.027993775911406706
0.003117165027436475
0.007160803365054869
0.01945999758638217
0.026344409295902906
0.002930849461729612
0.006832482711204513
0.01908019599737798
0.025640192566232275
0.002440627468944856
0.005922917174974174
0.01790608519479575
0.023569942299167097
0.0021304908505804243
0.005325447573631625
0.01707196499285657
0.022148465891510635
0.0020031496272042704
0.005075865922551603
0.01671115468823281
0.021542549113442395
0.001668097276369851
0.004387670241686292
0.015611448859280896
0.019769020642070992
0.0014561279959372508
0.003937093810202463
0.014837416915568835
0.018554841029553883
0.0013690940054629785
0.003749149917673389
0.014503911751113874
0.018037940111796474
0.0011400955528192425
0.003232919000678791
0.013498126700668855
0.016530033947851235
0.0009952207680096747
0.002895853976945917
0.01279517585416734
0.015500046287698155
0.0009357355887640861
0.0027554302137285935
0.012493207384113747
0.015061991104165551
0.0007792218643188908
0.0023709787784774727
0.0115899341379887
0.013787445365518052
0.0006802041989723562
0.002120536543716245
0.01096209506723378
0.012918410346950142
0.0006395478240251995
0.002016309053163079
0.01069302995215593
0.012549095280330129
0.000532575284879544
0.001731746769035869
0.009893355526135239
0.01147678191473672
0.0004648996154139051
0.001546741665479523
0.009339959152389832
0.01074667317431888
0.0004371121758396934
0.0014698162525009772
0.009103246481004024
0.01043658938603085
0.0003639995834978649
0.0012602964694902186
0.008403368302778436
0.009537745737829444
0.00031774524876282406
0.0011243128089792886
0.007920753079190712
0.008926442169488695
0.00029875334899076567
0.001067814511402032
0.007714635170550488
0.008666944560034237
0.00024878303696834747
0.0009142522002927311
0.007107792128394963
0.00791573646332027
0.00021716955610179278
0.0008147357060125371
0.00669055051855616
0.007405306835136051
0.0002041891497571724
0.0007734168912291173
0.006512579098508553
0.007188716637733891
0.00017003590742720176
0.00066131811711867
0.005990432473837126
0.0065623934460952
0.00014842902067324637
0.0005887681994313221
0.005632291858786331
0.00613713540569482
0.00013955729373205106
0.0005586639184702591
0.005479690814733207
0.005956744432520974
0.0001162145545247073
0.0004771229435978075
0.005033278676065844
0.005435555415010569
0.0001014468812916558
0.0004244118962806187
0.004727702042764181
0.005081893874054477
9.5383316189801e-05
0.00040255138768341414
0.004597613176687054
0.004931913085895891
7.942923872811258e-05
0.0003434253556428013
0.004217983927788382
0.004498893934959171
6.93359673002436e-05
0.0003052442864684979
0.003958561847761
0.004205205816936495
6.519169843488548e-05
0.00028941729982978615
0.0038482038760329074
0.004080685358536738
5.428755452130396e-05
0.00024666573225806676
0.003526814864095562
0.0037213833158424806
4.738909959822735e-05
0.000219084680844972
0.003307506061831722
0.003477790511577811
4.455661340574402e-05
0.00020765660388299967
0.003214270950929743
0.0033745280959054935
3.710395092659802e-05
0.00017682349012537735
0.0029432194725699246
0.003076707718735568
3.238905936087111e-05
0.00015694859510861914
0.002758484414065787
0.00287486360149838
3.0453138142594316e-05
0.00014871675158012465
0.0026799896417416535
0.00278931140659371
2.5359461970630992e-05
0.00012653074322555025
0.0024521276562077254
0.0025426657376979482
2.2136971902286806e-05
0.00011224084247141164
0.0022969887101256248
0.002375549886623589
2.0813826542065428e-05
0.00010632431693413658
0.002231099433753103
0.0023047257770386874
1.733244830742775e-05
9.039387762432849e-05
0.002040070152354967
0.0021006065778282398
1.5129970881266885e-05
8.014043170712082e-05
0.0019101230842012429
0.001962335512329964
1.4225639843601368e-05
7.589652327943952e-05
0.0018549544964531206
0.0019037416217316163
1.1846219950539805e-05
6.447979074697407e-05
0.0016951786247021428
0.0017349153120843463
1.0340891242022199e-05
5.713631352199933e-05
0.001586573304007799
0.0016205727479402052
9.72280750738408e-06
5.409775050935206e-05
0.0015404805726920712
0.001572122726453679
8.096543813562729e-06
4.5930227466017826e-05
0.0014071119841702062
0.00143255435054967
7.067695801832308e-06
4.0679846586511026e-05
0.0013165149345721883
0.0013380418741454833
6.645253701365039e-06
3.8507955942179706e-05
0.0012780759316456392
0.0012979970547936127
5.533750174979701e-06
3.267438929921429e-05
0.0011669405347175532
0.0011826620262989779
4.830562741420241e-06
2.8926427271369626e-05
0.0010914880349559564
0.0011045695600967707
4.5418359585491785e-06
2.7376425793534942e-05
0.0010594824278326032
0.0010714836931066101
3.7821559055184473e-06
2.3216102721601573e-05
0.0009670095462368522
0.000976205640122978
3.3015479234954626e-06
2.054453318289795e-05
0.0009042571157488188
0.0009117002484019966
3.1042116375723516e-06
1.9439942624321915e-05
0.0008776442016756869
0.0008843721302459508
2.5849926074683616e-06
1.6477042776297246e-05
0.0008007965740057799
0.0008056844458201665
2.2565111508776603e-06
1.4575304614683482e-05
0.000748668608497205
0.0007524156456774327
2.1216375885591e-06
1.3789181178780474e-05
0.0007265654174115621
0.0007298488255778821
1.7667666133425186e-06
1.1681782301375954e-05
0.0006627716337652689
0.0006648772594861959
1.5422591742031422e-06
1.0329743714287964e-05
0.0006195134955475634
0.0006208968873401312
1.4500770510461614e-06
9.770963774857755e-06
0.0006011740847655656
0.0006022655980344373
1.2075331500271957e-06
8.273849942952438e-06
0.0005482656847874967
0.0005486292210536425
1.0540889015531185e-06
7.313745239545533e-06
0.0005123995423357286
0.0005123239483352561
9.910851246353047e-07
6.917021776131627e-06
0.0004971959914851221
0.000496944434956955
8.253134836100351e-07
5.85465166225152e-06
0.00045335036180538246
0.0004526724522961028
7.204388412507257e-07
5.173611620223895e-06
0.0004236353908614321
0.00042270717421706745
6.773776080049032e-07
4.892250027088707e-06
0.00041104072660291813
0.00041001365621739193
5.640775544990539e-07
4.139170007189108e-06
0.0003747302159239352
0.0003734757687172633
4.92398813056738e-07
3.6565765124674243e-06
0.0003501273278699868
0.0003487462618994939
4.6296772332476976e-07
3.457233359926981e-06
0.0003397004264521497
0.00033827083978680596
3.8553046055600504e-07
2.923924168229952e-06
0.00030964763706264886
0.00030811910422897347
3.3654014358619477e-07
2.582281194318803e-06
0.00028928861994781396
0.0002877125348452088
3.1642485720517755e-07
2.4411820359615533e-06
0.00028066102268931026
0.00027906843501035797
2.634987597560645e-07
2.063857089562582e-06
0.0002557999593861826
0.00025418883096125534
2.300153153500517e-07
1.8222160262926224e-06
0.00023896075195017907
0.00023735087846873254
2.1626710716704522e-07
1.722432526163331e-06
0.000231825263171892
0.00023021850894921168
1.8009367225291228e-07
1.4557011797089459e-06
0.00021126786715008894
0.00020969066333377355
1.5720872026392385e-07
1.2849361137323712e-06
0.00019734559944684094
0.00019579819677220493
1.4781222335003008e-07
1.2144300046701417e-06
0.0001914465028673984
0.00018991356090557014
1.2308874175470663e-07
1.0260320172372772e-06
0.00017445402783711206
0.00017297730481473372
1.0744754835867454e-07
9.054511831418921e-07
0.000162947427125415
0.0001615157044893515
1.0102531833311446e-07
8.556718500418725e-07
0.00015807214431429184
0.0001566607863012718
8.412754398667843e-08
7.227054479308492e-07
0.00014403081567426756
0.0001426884179293146
7.343724717223665e-08
6.376254056972286e-07
0.00013452357443377583
0.00013323277346451862
6.904784133343611e-08
6.025062031511652e-07
0.00013049558990807508
0.00012922756776178636
5.7498708294634326e-08
5.087307374251893e-07
0.00011889600479586537
0.00011770087022097177
5.0192204059662515e-08
4.4874266058592127e-07
0.00011104272603645882
0.00010990040650356303
4.719217394644204e-08
4.239837868569296e-07
0.00010771561262612472
0.00010659631810833702
3.929868030994044e-08
3.5789390595564186e-07
9.813537502600944e-05
9.708753218913915e-05
3.4304898977044473e-08
3.1562643065807805e-07
9.164973964659318e-05
9.065271863009303e-05
3.225446643106977e-08
2.9818332247799617e-07
8.890213122214607e-05
8.792709948603553e-05
2.6859495128039867e-08
2.5163600825273136e-07
8.099126260774359e-05
8.008318109561235e-05
2.344639205009713e-08
2.2187368253767659e-07
7.563609850325115e-05
7.477506841571148e-05
2.204498161795243e-08
2.095925483169836e-07
7.336747264141685e-05
7.252669909175308e-05
1.835767693414425e-08
1.7682963282528164e-07
6.683618864533614e-05
6.605630136881889e-05
1.6024921167812067e-08
1.5588558777146488e-07
6.241515773042217e-05
6.167770543549951e-05
1.506709818022145e-08
1.47244100801025e-07
6.054230683516515e-05
5.982305958837815e-05
1.254693365870807e-08
1.2419722794643206e-07
5.515080026907704e-05
5.4485772907460206e-05
1.0952563522792502e-08
1.0946730932825943e-07
5.150145520838034e-05
5.0873988710651435e-05
1.0297919628143859e-08
1.0339034550721493e-07
4.995554004616487e-05
4.934414607921968e-05
8.575461063475842e-09
8.718734767487746e-08
4.550545789772098e-05
4.494160759111604e-05
7.485755848524178e-09
7.683358382859495e-08
4.24934537029964e-05
4.196238985129837e-05
7.0383259775930185e-09
7.256243328424006e-08
4.121754770958219e-05
4.07004860377546e-05
5.861076068924831e-09
6.117714201892e-08
3.754489320928478e-05
3.706903614454117e-05
5.116294554685652e-09
5.390327273424589e-08
3.505916927082353e-05
3.461162776501915e-05
4.8104893402012294e-09
5.0902906334471254e-08
3.4006215041570975e-05
3.357074804152295e-05
4.005873577295205e-09
4.290697563913426e-08
3.0975444968994736e-05
3.0575366160596334e-05
3.496837153171839e-09
3.7799426921836243e-08
2.8924220227821706e-05
2.8548393078500073e-05
3.287828287401595e-09
3.569281215032305e-08
2.805533124017323e-05
2.768983330331959e-05
2.7378970202107666e-09
3.0080006263588643e-08
2.555445315866045e-05
2.5219131097533806e-05
2.389985653827864e-09
2.6495337035470357e-08
2.38619010023422e-05
2.3547213201011163e-05
2.247134200938916e-09
2.501695328671616e-08
2.3144951822096083e-05
2.2839044126287886e-05
1.8712723037772605e-09
2.1078855438894095e-08
2.1081456063276605e-05
2.080113251019637e-05
1.6334850694299519e-09
1.8564165982226655e-08
1.9684946270137615e-05
1.942208616536635e-05
1.5358503357987274e-09
1.752714062774885e-08
1.909340334893539e-05
1.8837968392240376e-05
1.2789597714224499e-09
1.4765308864461701e-08
1.7390890593493857e-05
1.715704630750499e-05
1.1164391633400328e-09
1.3002006138407296e-08
1.6238703528403953e-05
1.6019575527628088e-05
1.0497086533334254e-09
1.2274896099562227e-08
1.5750656320423495e-05
1.5537781475536555e-05
8.741314339033579e-10
1.0338828904110642e-08
1.4346043934132524e-05
1.4151320718898061e-05
7.630533427338548e-10
9.102925080384239e-09
1.339547747725156e-05
1.321311183211625e-05
7.17445047815346e-10
8.593327160966169e-09
1.2992836108449701e-05
1.281571864490856e-05
5.974431505073596e-10
7.236689802958551e-09
1.1834045391845294e-05
1.167214082441366e-05
5.215246012824082e-10
6.370794669585678e-09
1.1049848070432411e-05
1.0898290266077304e-05
4.903526473754027e-10
6.013785691649787e-09
1.071767932214751e-05
1.057051383780358e-05
4.0833486592006807e-10
5.063542918293251e-09
9.761721933010392e-06
9.62727358098589e-06
3.564467054850695e-10
4.457119562317757e-09
9.114796718168172e-06
8.988990665136434e-06
3.35141581153664e-10
4.207107329179394e-09
8.840774755491942e-06
8.718636150838177e-06
2.7908486632810536e-10
3.541773430093542e-09
8.052170147543336e-06
7.940639625106036e-06
2.436208457190503e-10
3.1172290304581907e-09
7.518502630143864e-06
7.414176267843062e-06
2.290594380838229e-10
2.942211363432534e-09
7.292454843432772e-06
7.191184732420475e-06
1.9074630763782352e-10
2.4765336448240305e-09
6.6419219787450245e-06
6.5494848920238935e-06
1.6650769651960218e-10
2.17942630609258e-09
6.201694419116777e-06
6.115252626710463e-06
1.5655543528225735e-10
2.0569517200641485e-09
6.0152260454859885e-06
5.931327030285483e-06
1.3036949297884348e-10
1.7311314604029349e-09
5.478602216557604e-06
5.4020472175109885e-06
1.1380313358344551e-10
1.5232803907139214e-09
5.115461465976523e-06
5.043888757967976e-06
1.0700107466732334e-10
1.4376042578589932e-09
4.961645421630578e-06
4.89218540661307e-06
8.910377991000473e-11
1.2097153279100326e-09
4.518993013902239e-06
4.4556313748868315e-06
7.778111488221384e-11
1.064355048541188e-09
4.21944575101918e-06
4.160219697407416e-06
7.3132055966596e-11
1.0044406417719642e-09
4.092566414315435e-06
4.03509370930713e-06
6.089978521472972e-11
8.451001010101322e-10
3.7274351237792658e-06
3.675021108094298e-06
5.316108664388253e-11
7.434753923618587e-10
3.480348379603093e-06
3.4313637436271527e-06
4.998362834740533e-11
7.015902303564303e-10
3.375689989315589e-06
3.3281590805303574e-06
4.162320488276805e-11
5.902139887936642e-10
3.0745075672022892e-06
3.0311692005065977e-06
3.633404688230257e-11
5.191880259047821e-10
2.8706962911240197e-06
2.8301993264187586e-06
3.4162339623833304e-11
4.899157746152127e-10
2.7843682246508905e-06
2.7450755916928055e-06
2.844824376069255e-11
4.1208947365589665e-10
2.5359374499211995e-06
2.5001169229391107e-06
2.4833246570210576e-11
3.6246394774508417e-10
2.367824005866659e-06
2.3343560623580867e-06
2.3348933897437973e-11
3.420126404307666e-10
2.2966165331705923e-06
2.264145630408859e-06
1.944350236371406e-11
2.8764579607098995e-10
2.0916999551312543e-06
2.062102711777175e-06
1.6972756533562006e-11
2.529827458630507e-10
1.9530330429562426e-06
1.92538250531199e-06
1.595829024481077e-11
2.3869828336131604e-10
1.8942982562553112e-06
1.8674726726015944e-06
1.3289092049006967e-11
2.0073032125367263e-10
1.7252754364038836e-06
1.700826950093784e-06
1.1600442828552104e-11
1.7652523887079496e-10
1.6108980975815257e-06
1.5880596575534867e-06
1.0906997527371232e-11
1.6655077317295763e-10
1.5624516370715824e-06
1.5402954343605307e-06
9.082679053307174e-12
1.4004242210319262e-10
1.4230362650469175e-06
1.4028455202052398e-06
7.928491196906862e-12
1.2314460562379281e-10
1.3286944189339067e-06
1.3098347197565419e-06
7.454592498845614e-12
1.1618173090255368e-10
1.2887343689982345e-06
1.2704386484346797e-06
6.2077010198891e-12
9.767908704105821e-11
1.1737408146528239e-06
1.1570695792832014e-06
5.4188875608929266e-12
8.588563193967502e-11
1.0959252606523862e-06
1.080354024778768e-06
5.094979993458537e-12
8.102629678319317e-11
1.062965221731993e-06
1.0478600428465157e-06
4.242772799756267e-12
6.811495811831492e-11
9.681158997798534e-07
9.543529559292996e-07
3.70359298784706e-12
5.988609608209572e-11
9.039319449621885e-07
8.910777853799595e-07
3.4822145167368035e-12
5.649547496489049e-11
8.767458092862057e-07
8.642766737114449e-07
2.899736006867215e-12
4.748790249919921e-11
7.985122335574246e-07
7.871518222825336e-07
2.5312529849941257e-12
4.174771639497976e-11
7.455721218185829e-07
7.349623271785122e-07
2.379985097888948e-12
3.938260828562079e-11
7.231485080749778e-07
7.128567142706405e-07
1.981914632409598e-12
3.3100078233871955e-11
6.586201490854648e-07
6.492439830006053e-07
1.7300605392733814e-12
2.9096725029376103e-11
6.149543095856913e-07
6.061979868077216e-07
1.6266432645295481e-12
2.7447488726295433e-11
5.964589682161403e-07
5.879652353012188e-07
1.3545276011939222e-12
2.3066659693427027e-11
5.432350574929856e-07
5.354973387650813e-07
1.182443032377023e-12
2.027544798721692e-11
5.072188842270009e-07
4.99992925114684e-07
1.1117773368596318e-12
1.9125478978310184e-11
4.91963683457719e-07
4.84954519926889e-07
9.257594690836868e-13
1.607136645986884e-11
4.4806395205210237e-07
4.4167891093647993e-07
8.081313396246514e-13
1.4125589586910792e-11
4.183573963922882e-07
4.1239481267558997e-07
7.598366380534571e-13
1.3324119585433891e-11
4.05774735146025e-07
3.999911118591354e-07
6.32771612885108e-13
1.1195377958017616e-11
3.6956577709190697e-07
3.642973222216239e-07
5.523359547510154e-13
9.839129511135525e-12
3.4506351553886816e-07
3.4014375350534254e-07
5.19306819768417e-13
9.280465285144146e-12
3.34685214875563e-07
3.2991316244179725e-07
4.3248737924272973e-13
7.797096301942474e-12
3.048197406707587e-07
3.004728727409173e-07
3.775313395237845e-13
6.852074463381541e-12
2.8461006651436804e-07
2.805509748231294e-07
3.5493830097266255e-13
6.462941293250424e-12
2.7604995778141017e-07
2.721127688662395e-07
2.9554136915521667e-13
5.429323657324403e-12
2.5141668313910515e-07
2.4783037744224856e-07
2.579603197716551e-13
4.770961403721685e-12
2.3474759514030552e-07
2.3139876916336566e-07
2.425837308805967e-13
4.4997339188057595e-12
2.2768715590704147e-07
2.2443892560251866e-07
2.0200507933054723e-13
3.779865309638808e-12
2.07369465932139e-07
2.0441077742093527e-07
1.7630341631047486e-13
3.321454222771081e-12
1.9362069625383782e-07
1.9085796578929837e-07
1.6570078642530461e-13
3.132494263979879e-12
1.8779720212247497e-07
1.8511747793686917e-07
1.3800072196090696e-13
2.6311175460591585e-12
1.7103905358695215e-07
1.685982362661237e-07
1.2045919817182948e-13
2.311706381874501e-12
1.596989923635661e-07
1.5741986052197898e-07
1.1329825966299722e-13
2.1800339311539574e-12
1.5489574300975306e-07
1.5268509911091355e-07
9.431344594190705e-14
1.830979812211808e-12
1.4107353718539883e-07
1.3906000869735868e-07
8.22675261247241e-14
1.6086021403793893e-12
1.3172019996954276e-07
1.2984007109230478e-07
7.738254481637341e-14
1.5168977185453514e-12
1.2775845725787605e-07
1.2593483427955632e-07
6.444844657949034e-14
1.273758876152442e-12
1.1635784091801327e-07
1.1469684383161316e-07
5.623279619726418e-14
1.1189937865196953e-12
1.0864316879466429e-07
1.0709222866313317e-07
5.284661597215745e-14
1.0552669849062113e-12
1.0537550709788235e-07
1.0387118485818969e-07
4.4020342926387457e-14
8.859579736508749e-13
9.597223438184699e-08
9.460207760561556e-08
3.8413716652030416e-14
7.783773625646973e-13
8.96091443269853e-08
8.832978247788614e-08
3.6137759451548845e-14
7.338574192772285e-13
8.691396502502613e-08
8.56730619450824e-08
3.008704396734174e-14
6.161737786669619e-13
7.915811339742618e-08
7.802789203127658e-08
2.6256774532384952e-14
5.412337245047638e-13
7.39098158231144e-08
7.28544961234312e-08
2.4702462297909733e-14
5.103695244201845e-13
7.16868233663348e-08
7.066323012144826e-08
2.0539125955565396e-14
4.285460875053104e-13
6.528977347652898e-08
6.435748568789368e-08
1.7930101847696278e-14
3.7636560534792807e-13
6.096096216712255e-08
6.009046316785005e-08
1.6819878823071122e-14
3.5493830097266255e-13
5.912743150648936e-08
5.8283104615100556e-08
1.404432126150823e-14
2.9809488211185453e-13
5.3851127335136084e-08
5.308211987846423e-08
1.226796442210798e-14
2.616795669041494e-13
5.028071259349787e-08
4.956267518098356e-08
1.1546319456101628e-14
2.469136006766348e-13
4.876841186440828e-08
4.807196393556701e-08
9.547918011776346e-15
2.0727863869751673e-13
4.441650336417524e-08
4.3782186260124534e-08
8.326672684688674e-15
1.8207657603852567e-13
4.147161680734257e-08
4.087934458996134e-08
7.882583474838611e-15
1.7175150190951172e-13
4.02242674724107e-08
3.964980439981336e-08
6.494804694057166e-15
1.4421797089880783e-13
3.663480363513827e-08
3.611159131965136e-08
5.662137425588298e-15
1.2656542480726785e-13
3.420585481528349e-08
3.371732450706266e-08
5.329070518200751e-15
1.192379528447418e-13
3.317703856087206e-08
3.270319848605596e-08
4.440892098500626e-15
1.0014211682118912e-13
3.0216441349040224e-08
2.9784876702174112e-08
3.83026943495679e-15
8.79296635503124e-14
2.8213039571234333e-08
2.7810082979529138e-08
3.608224830031759e-15
8.304468224196171e-14
2.7364470023272247e-08
2.6973630801174764e-08
2.9976021664879227e-15
6.961098364399732e-14
2.492256401254167e-08
2.4566596014408137e-08
2.609024107869118e-15
6.117328865684613e-14
2.3270154803078924e-08
2.293778414257097e-08
2.4424906541753444e-15
5.762057497804562e-14
2.2570252999898344e-08
2.2247877535033767e-08
1.9984014443252818e-15
4.829470157119431e-14
2.0556164770368923e-08
2.026255281097067e-08
1.7763568394002505e-15
4.241051954068098e-14
1.9193254763294476e-08
1.8919107136819435e-08
1.6653345369377348e-15
4.007905118896815e-14
1.861597465069309e-08
1.83500714727447e-08
1.3877787807814457e-15
3.3639757646142243e-14
1.6954751380637845e-08
1.6712573637500672e-08
1.1657341758564144e-15
2.9531932455029164e-14
1.583062103627242e-08
1.5604498295948566e-08
1.1102230246251565e-15
2.7755575615628914e-14
1.5354479465656823e-08
1.5135157108506214e-08
9.43689570931383e-16
2.3314683517128287e-14
1.3984300051284038e-08
1.3784547258852142e-08
7.771561172376096e-16
2.042810365310288e-14
1.3057115610948244e-08
1.2870605605591612e-08
7.216449660063518e-16
1.9206858326015208e-14
1.2664393422845421e-08
1.2483492524417716e-08
6.106226635438361e-16
1.5987211554602254e-14
1.153426743005781e-08
1.1369508170003262e-08
5.551115123125783e-16
1.4099832412739488e-14
1.0769524494413929e-08
1.0615688189608008e-08
5.551115123125783e-16
1.3211653993039363e-14
1.0445606712927713e-08
1.029639693471418e-08
4.440892098500626e-16
1.1102230246251565e-14
9.51347733924024e-09
9.3775815394187e-09
3.885780586188048e-16
9.658940314238862e-15
8.882716340252728e-09
8.755830074869131e-09
3.3306690738754696e-16
9.2148511043888e-15
8.615548496848646e-09
8.492478331678655e-09
2.7755575615628914e-16
7.771561172376096e-15
7.846727045901503e-09
7.73463848177669e-09
2.7755575615628914e-16
6.772360450213455e-15
7.32647453816071e-09
7.22181725879012e-09
2.7755575615628914e-16
6.328271240363392e-15
7.10611391951943e-09
7.004604479776688e-09
2.220446049250313e-16
5.329070518200751e-15
6.4719890557896065e-09
6.37953742090025e-09
1.6653345369377348e-16
4.773959005888173e-15
6.042884193036002e-09
5.956561967626617e-09
1.6653345369377348e-16
4.440892098500626e-15
5.86113058087534e-09
5.7774046519076805e-09
1.1102230246251565e-16
3.774758283725532e-15
5.338103514773707e-09
5.2618487275668535e-09
1.1102230246251565e-16
3.219646771412954e-15
4.98417718208799e-09
4.912978154511527e-09
1.1102230246251565e-16
2.9976021664879227e-15
4.8342667646750215e-09
4.765209025980877e-09
1.1102230246251565e-16
2.4424906541753444e-15
4.40287351022306e-09
4.3399779898339874e-09
1.1102230246251565e-16
2.1094237467877974e-15
4.110954798797195e-09
4.052229201495505e-09
1.1102230246251565e-16
2.1094237467877974e-15
3.987308372366272e-09
3.930349080916162e-09
5.551115123125783e-17
1.7763568394002505e-15
3.6314947715609946e-09
3.5796181036690244e-09
0
1.5543122344752192e-15
3.3907198160321173e-09
3.3422826138662654e-09
0
1.4432899320127035e-15
3.28873606125768e-09
3.2417557683378506e-09
0
1.2212453270876722e-15
2.9952605951066857e-09
2.952472504327841e-09
0
9.992007221626409e-16
2.796669229532256e-09
2.7567179598092517e-09
0
8.881784197001252e-16
2.712552960026926e-09
2.6738033176432197e-09
0
6.661338147750939e-16
2.4704940315700696e-09
2.435202203082687e-09
0
5.551115123125783e-16
2.3066956122974602e-09
2.273743662101202e-09
0
4.440892098500626e-16
2.237316554243307e-09
2.205355583914659e-09
0
3.3306690738754696e-16
2.0376659248810824e-09
2.0085571487277187e-09
0
2.220446049250313e-16
1.9025648834158915e-09
1.8753859853948285e-09
0
1.1102230246251565e-16
1.845340880102242e-09
1.8189794323553166e-09
-5.551115123125783e-17
1.1102230246251565e-16
1.6806689373538575e-09
1.656659889132106e-09
-5.551115123125783e-17
1.1102230246251565e-16
1.569237406684465e-09
1.5468201840923568e-09
-5.551115123125783e-17
0
1.5220389393277856e-09
1.500296002016066e-09
-5.551115123125783e-17
0
1.3862172520973104e-09
1.3664146810560274e-09
-5.551115123125783e-17
0
1.294308438204439e-09
1.2758187822176081e-09
1.05
1
1
1
0.3
0
0
0.01
0
0.0002681730355019729
0.0029564142204072663
0.005613000166418303
0.006888667786032476
0.011611975966622001
0.01525914875187373
0.016884126195811366
0.022101985317888317
0.025857355712357588
0.02748717130882039
0.03242508447263148
0.03586224174013852
0.0373341079559566
0.04165466114783756
0.04460396836882308
0.04585670940108966
0.04946160961545354
0.0518910965385756
0.052917429363257606
0.05583071851798227
0.05777642519460846
0.05859517657281765
0.060896176089405896
0.06242264526153929
0.06306309376454344
0.06484937407748292
0.06602823342093322
0.0665217040064574
0.06788984205428539
0.06878901580020114
0.06916471807132119
0.07020132807484825
0.07088031771480985
0.0711635929087413
0.07194207960251708
0.07245056824946972
0.07266244353834417
0.07324277096314802
0.0736209309953515
0.07377833359760988
0.0742082375278903
0.07448781055935272
0.07460407169829975
0.07492083310198627
0.07512646769288933
0.07521191358381696
0.07544422208453216
0.07559480138450148
0.07565732712823992
0.07582700367666995
0.07593683780233573
0.07598241680432583
0.07610590065240641
0.07618573810497209
0.07621885103297066
0.07630842946355532
0.07636628384603927
0.07639026750383637
0.07645506345295161
0.0764968718827932
0.07651419605090504
0.07656094455691875
0.07659108204567366
0.07660356516420563
0.07663721398055157
0.07665888937733367
0.07666786420780136
0.07669203251624801
0.07670758971943481
0.07671402915072112
0.07673135431628364
0.07674249923602228
0.07674711094248865
0.07675950842471002
0.076767478646934
0.07677077576400215
0.07677963255613174
0.07678532332818733
0.07678767687937416
0.0767939946092715
0.07679805185889466
0.07679972943013791
0.07680422967382505
0.0768071183497312
0.07680831248144504
0.07681151391810848
0.07681356798370897
0.07681441692667279
0.07681669164041749
0.07681815050771879
0.07681875334033961
0.07682036776099077
0.07682140275337146
0.07682183035587986
0.0768229749369096
0.07682370845201081
0.0768240114495975
0.07682482212141484
0.07682534147046427
0.07682555596730956
0.07682612960607949
0.0768264969842406
0.07682664869291389
0.0768270542487911
0.07682731390228925
0.07682742111109564
0.07682770759718571
0.07682789096497333
0.0768279666660282
0.0768281688827459
0.07682829827830595
0.0768283516909386
0.07682849432054029
0.07682858556385364
0.07682862322332806
0.07682872375394523
0.07682878805003379
0.07682881458441793
0.07682888539509758
0.07682893067287755
0.07682894935659501
0.07682899920203268
0.07682903106724903
0.07682904421498626
0.07682907928143112
0.07682910169406398
0.07682911094072886
0.076829135596025
0.07682915135127522
0.07682915785074018
0.07682917517650756
0.07682918624594304
0.0768291908119827
0.07682920298082718
0.07682921075410076
0.07682921396023534
0.07682922250285174
0.07682922795880442
0.07682923020896548
0.07682923620310178
0.0768292400307733
0.07682924160927229
0.07682924581329775
0.07682924849743511
0.07682924960426907
0.07682925255150819
0.07682925443294208
0.07682925520871786
0.07682925727402423
0.07682925859226564
0.07682925913578231
0.07682926058248729
0.07682926150575964
0.07682926188640404
0.0768292628994025
0.07682926354580111
0.07682926381228017
0.07682926452133099
0.076829264973721
0.0768292651602086
0.07682926565633441
0.07682926597283457
0.07682926610329688
0.07682926645031984
0.07682926667167433
0.07682926676291235
0.07682926700556314
0.07682926716032423
0.07682926722411032
0.07682926739372653
0.07682926750189467
0.0768292675464749
0.07682926766500275
0.07682926774058252
0.07682926777173027
0.07682926785453315
0.07682926790732747
0.07682926792908362
0.07682926798691281
0.07682926802378043
0.07682926803897272
0.07682926807934909
0.07682926810508772
0.07682926811569346
0.07682926814387703
0.07682926816184144
0.0768292681692434
0.07682926818891089
0.07682926820144598
0.07682926820661062
0.07682926822033187
0.07682926822907643
0.07682926823267922
0.07682926824224989
0.07682926824834857
0.07682926825086112
0.076829268257535
0.07682926826178738
0.07682926826353931
0.07682926826819225
0.07682926827115677
0.07682926827237802
0.07682926827562109
0.07682926827768732
0.07682926827853842
0.07682926828079828
0.07682926828223813
0.0768292682828311
0.07682926828440584
0.07682926828540881
0.07682926828582204
0.07682926828691905
0.07682926828761782
0.0768292682879056
0.07682926828866954
0.07682926828915604
0.07682926828935643
0.07682926828988856
0.07682926829022718
0.07682926829036674
0.076829268290737
0.07682926829097281
0.07682926829106995
0.07682926829132763
0.07682926829149173
0.07682926829155934
0.07682926829173886
0.0768292682918531
0.07682926829190018
0.07682926829202485
0.07682926829210435
0.0768292682921371
0.07682926829222392
0.07682926829227921
0.07682926829230197
0.07682926829236247
0.07682926829240089
0.07682926829241665
0.07682926829245873
0.07682926829248538
0.07682926829249648
0.07682926829252568
0.07682926829254433
0.0768292682925521
0.0768292682925722
0.07682926829258518
0.07682926829259051
0.07682926829260461
0.0768292682926136
0.07682926829261727
0.07682926829262704
0.07682926829263326
0.07682926829263581
0.0768292682926427
0.07682926829264702
0.0768292682926488
0.07682926829265346
0.07682926829265646
0.07682926829265768
0.07682926829266101
0.07682926829266323
0.07682926829266412
0.07682926829266645
0.0768292682926679
0.07682926829266845
0.07682926829267012
0.07682926829267112
0.07682926829267156
0.07682926829267278
0.07682926829267345
0.07682926829267378
0.07682926829267456
0.07682926829267511
0.07682926829267522
0.07682926829267589
0.07682926829267622
0.07682926829267633
0.07682926829267678
0.07682926829267711
0.07682926829267711
0.07682926829267733
0.07682926829267755
0.07682926829267755
0.07682926829267767
0.07682926829267778
0.07682926829267778
0.07682926829267811
0.07682926829267822
0.07682926829267822
0.07682926829267822
0.07682926829267833
0.07682926829267833
0.07682926829267833
0.07682926829267822
0.07682926829267822
0.07682926829267833
0.07682926829267833
0.07682926829267833
0.07682926829267844
0.07682926829267833
-0.5782409346630054
0.2788762792102832
0.008387846304411004
0.26388565447095585
0.008647953418310836
-0.4815227555133495
0.19176034285914678
0.024751384085092858
0.19736794375649633
0.027436631811650097
-0.42033445825756643
0.1404703906098261
0.0324237743086401
0.15641309966818848
0.03741143424885387
-0.3952107154697939
0.1201504040496149
0.03506235471840108
0.13982174312709883
0.04113729827843227
-0.3291066773616169
0.07215311397482255
0.03837220789600379
0.09797616612252283
0.04820686038568562
-0.2872862712173689
0.044423833163797534
0.038773442161104926
0.07243253377968223
0.05136139677864684
-0.2701149300562294
0.033548102656919425
0.03861627804240118
0.06212962997317056
0.05240172344203799
-0.22493475924836262
0.008701829124893177
0.03594681438647163
0.03651298043863816
0.053254328659695004
-0.19635173849916931
-0.005199781679369993
0.033218716808824794
0.021073606677633413
0.052885092162642804
-0.18461563055685468
-0.010556259692017502
0.03190208358384048
0.01488702919861627
0.05255774254959352
-0.15373630922269366
-0.022051320653315228
0.027087465332910114
-0.00016034388515566642
0.05039715415198152
-0.13420065305687748
-0.02807077673382473
0.023430368976051878
-0.009047471320272005
0.04840384829611266
-0.12617936757072293
-0.030300032044228428
0.021814303432905933
-0.012570482835898981
0.047464244302421195
-0.10507425731973774
-0.034374031374816705
0.016800247580831575
-0.020825204983776425
0.044096276708316645
-0.09172220943166555
-0.0360877087714281
0.013293675484796891
-0.025525811220734596
0.041533688508457435
-0.0862398961156459
-0.0366242847676142
0.011792277877181727
-0.027351927138709382
0.04039796943781378
-0.071815172402127
-0.03680102836982205
0.007455976536463899
-0.03131967588723818
0.03679220467813853
-0.06268943936853048
-0.036317388761895275
0.0045537191627358685
-0.03339955086955074
0.034213306902156404
-0.05894243904708749
-0.0360036383952166
0.003333863237117271
-0.03416781205264827
0.03309683407552074
-0.04908356355499488
-0.03432665501370505
-2.683329489217746e-05
-0.03549884297506943
0.029733508417277867
-0.0428463927405557
-0.03285520698379809
-0.0022034169081630193
-0.035985999499142156
0.0274004601693583
-0.04028542794347499
-0.03217163580756648
-0.0031047801035447025
-0.03611531471049685
0.026402817742965743
-0.03354717576624319
-0.02978605948628875
-0.005485726709057719
-0.035886142727621015
0.02348437963449914
-0.02928425248925603
-0.02799382497155362
-0.006978056432981812
-0.03544842484839832
0.021496538123269075
-0.0275339081793412
-0.02720320030585797
-0.007586374210207855
-0.03521037753371903
0.020652966881784533
-0.0229285104906915
-0.024718270290502706
-0.00911516633569961
-0.034114385500279544
0.018231070758720908
-0.020014927488698046
-0.02295108079676701
-0.010032513779589412
-0.03317956461774588
0.016601314511342568
-0.0188186185012634
-0.02218774074356157
-0.01039811022206117
-0.032747626092346376
0.015913272670884684
-0.01567096428578501
-0.019900292550184807
-0.011246052647705977
-0.031223762885542145
0.013963442006817645
-0.013679615777278614
-0.01831863850225623
-0.011714978541518
-0.0300605525642961
0.01266263548677249
-0.012861973679486861
-0.017643199559562922
-0.011893283440374118
-0.029543265698777847
0.012115519868430366
-0.010710644363315626
-0.015673684689300783
-0.012230633587343904
-0.02786270663718419
0.010579812242572576
-0.009349616076283113
-0.014334947495452518
-0.012370153601736673
-0.026635253522152985
0.009561887620920499
-0.008790781688927172
-0.013767329939770213
-0.012412176897575273
-0.026098539938823665
0.00913496271948828
-0.00732041121307919
-0.012141247637847586
-0.012388000092106957
-0.02442284361234376
0.007945363275931828
-0.00639018830624497
-0.011048583451301589
-0.012299194221327374
-0.02322724426846643
0.007160803365054905
-0.0060082413965458215
-0.010587573487593104
-0.012247713286173538
-0.02270934310450263
0.006832482711204499
-0.005003286311337024
-0.009283175507556446
-0.011983168019821641
-0.021129314830222297
0.005922917174974116
-0.004367506243689906
-0.008413879754154115
-0.011746517419224974
-0.02001797504093025
0.005325447573631625
-0.004106456735768824
-0.008048424736538894
-0.01163528876568131
-0.019539399486238156
0.00507586592255159
-0.0034195994165582993
-0.007023838343184617
-0.011223778617594616
-0.01810092336570115
0.004387670241686296
-0.002985062391671534
-0.0063452532246710165
-0.010900323105366434
-0.01709871303361663
0.003937093810202436
-0.0028066427111992703
-0.006060751129610801
-0.010754761833440528
-0.016668846106333502
0.003749149917673301
-0.0023371958832795795
-0.005268737670897517
-0.010265207699990158
-0.015389938395032025
0.003232919000678735
-0.0020402025744198794
-0.004746726147482109
-0.009899321877221414
-0.014504825519688519
0.002895853976946034
-0.0019182579569664879
-0.004528338059255204
-0.0097377771703851
-0.014126255515401493
0.002755430213728641
-0.0015974048218538818
-0.003923774599420407
-0.009218955359511286
-0.013008223501199255
0.002370978778477419
-0.0013944186078933291
-0.0035268586785120143
-0.008841558523517448
-0.012238206147977838
0.002120536543716275
-0.0013110730392518273
-0.0033610928911001156
-0.008676720898992778
-0.011909547456304946
0.0020163090531630907
-0.0010917793340031081
-0.0029042894889485774
-0.008161608757099375
-0.010944206629857182
0.0017317467690359392
-0.0009530442115987161
-0.002605338734774788
-0.0077932174869102845
-0.010281773558904963
0.001546741665479471
-0.0008960799604713793
-0.002480664720370578
-0.007633430228503076
-0.009999477210191225
0.00146981625250094
-0.0007461991461707328
-0.0021383933763080704
-0.007143071833288245
-0.00917374615433158
0.001260296469490198
-0.0006513777599639293
-0.0019149931067578712
-0.0067964402702114434
-0.008608696920725892
0.0011243128089793429
-0.0006124443654311832
-0.0018219380063638705
-0.006646820659148459
-0.008368191211043532
0.0010678145114019271
-0.0005100052257852244
-0.0015672822117691245
-0.006193539928102206
-0.007666953426351966
0.0009142522002927631
-0.0004451975900088911
-0.0014014433781185432
-0.005875814812543649
-0.007188137279034237
0.000814735706012527
-0.00041858775700230724
-0.001332435175213606
-0.0057391622072794045
-0.0069845274879767215
0.0007734168912291726
-0.0003485736102258592
-0.0011440985314393375
-0.005329114356718445
-0.006392357538667998
0.0006613181171186605
-0.0003042794923802922
-0.00102168592715609
-0.005043523659355033
-0.0059887063850215675
0.0005887681994313657
-0.000286092452150756
-0.0009707926785222188
-0.004921026896262968
-0.005817187138788926
0.0005586639184702851
-0.00023823983677580973
-0.0008322206049448529
-0.004556155732468034
-0.005319340860485871
0.0004771229435979633
-0.00020796610664802382
-0.0007423045672054592
-0.004303290146483513
-0.004980446992762866
0.00042441189628067216
-0.00019553579818926896
-0.0007049502933678362
-0.004195061789003653
-0.004836529769706078
0.0004025513876835076
-0.00016282993939279212
-0.0006034500106212197
-0.0038745585721455815
-0.0044194646962310786
0.00034342535564277
-0.00014213873296561554
-0.0005376858072720889
-0.003653317561292503
-0.0041358698496363165
0.00030524428646842774
-0.00013364298179162042
-0.0005103833163034024
-0.0035587865762030644
-0.004015493660101894
0.00028941729982971546
-0.00011128948676874604
-0.00043632953226901896
-0.0032801491318374966
-0.0036670957613212474
0.00024666573225806844
-9.714765417649882e-05
-0.000388410807111822
-0.003088421380986766
-0.0034304014119796037
0.00021908468084494228
-9.13410574819467e-05
-0.0003685287636902452
-0.0030066143470467814
-0.003329971482499753
0.0002076566038830796
-7.60630993996324e-05
-0.0003146878317780052
-0.0027663959824445455
-0.0030396037678090035
0.0001768234901254425
-6.639757168989777e-05
-0.0002798886778885261
-0.002601535818957166
-0.002842474542137539
0.0001569485951085495
-6.242893319241715e-05
-0.0002654577081107895
-0.0025312728901616057
-0.0027588582684511306
0.00014871675158014514
-5.1986897039896614e-05
-0.00022643405138215062
-0.002325596912982134
-0.002517306275727323
0.000126530743225568
-4.538079239981706e-05
-0.00020123786444567362
-0.002184747867654233
-0.0023534129147212853
0.00011224084247136636
-4.266834441135173e-05
-0.00019079411599929558
-0.0021247751168189635
-0.0022839119504966636
0.00010632431693411018
-3.553151903037736e-05
-0.00016258868452602643
-0.0019496762747306527
-0.0020832741295208138
9.039387762433853e-05
-3.10164403067461e-05
-0.0001443943939891464
-0.0018299826524941362
-0.001947205541448758
8.014043170708947e-05
-2.916256167941741e-05
-0.00013685612472330008
-0.001779057973173712
-0.001889515981888085
7.589652327937464e-05
-2.4284750898662284e-05
-0.00011652105054591568
-0.0016306988339551678
-0.0017230690921338117
6.447979074701545e-05
-2.1198827046207296e-05
-0.0001034146912401498
-0.00152943699048584
-0.0016102318566982216
5.713631352196599e-05
-1.99317553902329e-05
-9.798655313611994e-05
-0.001486382822182773
-0.0015623999189463599
5.4097750509347656e-05
-1.6597914817875638e-05
-8.335908392796931e-05
-0.001361181756704191
-0.0014244578067361476
4.593022746600814e-05
-1.4488776393790491e-05
-7.393861258134255e-05
-0.0012758350879856994
-0.001330974178343719
4.067984658650105e-05
-1.3622770087868632e-05
-7.003839549814759e-05
-0.0012395679757034705
-0.0012913518010922796
3.8507955942266896e-05
-1.1344187858850971e-05
-5.953834091497553e-05
-0.0011342661454183665
-0.0011771282761240405
3.267438929924793e-05
-9.902653620023605e-06
-5.2780763664551815e-05
-0.0010625616076845239
-0.0010997389973553791
2.892642727149225e-05
-9.310763715142675e-06
-4.998392383075785e-05
-0.001032106002039076
-0.0010669418571480614
2.7376425793612334e-05
-7.753419606404102e-06
-4.246094174269799e-05
-0.0009437934435152696
-0.0009724234842175213
2.321610272161221e-05
-6.768173243208173e-06
-3.762244104636418e-05
-0.0008837125825659675
-0.0009083987004785452
2.05445331828636e-05
-6.363633857163943e-06
-3.5620463029641716e-05
-0.0008582042590512899
-0.0008812679186083967
1.943994262444447e-05
-5.2992348453156054e-06
-3.0239843314921465e-05
-0.0007843195312294623
-0.0008030994532127362
1.6477042776381058e-05
-4.6258478595123684e-06
-2.6781272521100375e-05
-0.0007340933038825117
-0.0007501591345265972
1.4575304614622692e-05
-4.349357056715648e-06
-2.5350642889867453e-05
-0.0007127762362327863
-0.0007277271879893514
1.378918117880463e-05
-3.621871557408209e-06
-2.150845965893115e-05
-0.0006510898514638542
-0.0006631104928728983
1.1681782301369328e-05
-3.1616313071991164e-06
-1.9040115295707678e-05
-0.0006091837518333033
-0.000619354628165959
1.032974371427382e-05
-2.972657954750122e-06
-1.801934664623749e-05
-0.0005914031209907476
-0.0006008155209833967
9.770963774825422e-06
-2.475442957728766e-06
-1.5279790078664758e-05
-0.0005399918348445917
-0.0005474216879035947
8.273849942985754e-06
-2.1608822482584746e-06
-1.3520697132650078e-05
-0.0005050857970962442
-0.0005112698594336942
7.3137452395790184e-06
-2.0317245055267916e-06
-1.2793404171855116e-05
-0.0004902789697089455
-0.0004959533498323575
6.9170217761722435e-06
-1.6918926415105378e-06
-1.0842724167092026e-05
-0.000447495710143075
-0.00045184713881253255
5.854651662259867e-06
-1.4768996247787283e-06
-9.590762457603525e-06
-0.00041846177924117
-0.00042198673537580843
5.173611620334485e-06
-1.388624096582952e-06
-9.073253566063782e-06
-0.00040614847657579424
-0.00040933627860935667
4.892250027094556e-06
-1.1563589868968014e-06
-7.686058582549269e-06
-0.000370591045916684
-0.00037291169116277336
4.139170007250332e-06
-1.0094175668724298e-06
-6.7961342715379425e-06
-0.0003464707513574988
-0.0003482538630864593
3.656576512524977e-06
-9.490838329682384e-07
-6.428350610615045e-06
-0.00033624319309228203
-0.00033780787206349626
3.4572333599442606e-06
-7.903374443399684e-07
-5.443041353214017e-06
-0.00030672371289442005
-0.00030773357376843254
2.923924168211403e-06
-6.899072944882912e-07
-4.811195238141635e-06
-0.0002867063387534869
-0.0002873759947016535
2.5822811943771546e-06
-6.486709572936679e-07
-4.5501179719930055e-06
-0.00027821984065333136
-0.00027875201015319865
2.4411820358816814e-06
-5.401724576800753e-07
-3.851040481745257e-06
-0.0002537361022966262
-0.0002539253322014964
2.0638570895685335e-06
-4.715313966078271e-07
-3.402915971752806e-06
-0.00023713853592385027
-0.00023712086315338593
1.8222160262780271e-06
-4.4334756985884565e-07
-3.2177845902458358e-06
-0.00023010283064565934
-0.0002300022418420138
1.7224325262471956e-06
-3.691920281929097e-07
-2.722304003861645e-06
-0.00020981216597037663
-0.0002095105696615402
1.4557011797627354e-06
-3.222778766631709e-07
-2.4048030713854403e-06
-0.00019606066333312174
-0.0001956409880519261
1.2849361137471695e-06
-3.0301505797315333e-07
-2.273657175207963e-06
-0.000190232072862703
-0.00018976574868223459
1.214430004667593e-06
-2.5233192070308575e-07
-1.922820855873954e-06
-0.00017342799581982
-0.00017285421607303973
1.0260320173065154e-06
-2.2026747427014247e-07
-1.6980824406026944e-06
-0.00016204197594234
-0.0001614082569410182
9.054511831251864e-07
-2.071019027648915e-07
-1.6052671160411944e-06
-0.00015721647246423885
-0.00015655976098293792
8.556718500847539e-07
-1.7246146525772708e-07
-1.3570769749296276e-06
-0.00014330811022633176
-0.000142604290385334
7.227054480099373e-07
-1.5054635684359137e-07
-1.1981417021313167e-06
-0.0001338859490281345
-0.00013315933621738075
6.376254057185252e-07
-1.415480749263938e-07
-1.132512173276441e-06
-0.00012989308370493736
-0.00012915851992045636
6.025062031361643e-07
-1.178723521044754e-07
-9.57087831410025e-07
-0.00011838727405850503
-0.00011764337151269509
5.087307374206182e-07
-1.0289401843869461e-07
-8.447835069013745e-07
-0.00011059398337585864
-0.00010985021429951456
4.4874266051753585e-07
-9.674395685105908e-08
-7.984157913922457e-07
-0.00010729162883919773
-0.00010654912593439681
4.23983786831679e-07
-8.05622947853259e-08
-6.745241977568921e-07
-9.777748112015252e-05
-9.704823350885849e-05
3.578939059347937e-07
-7.032504310341407e-08
-5.952327174933166e-07
-9.133411321600718e-05
-9.061841373110242e-05
3.156264306690009e-07
-6.612165630180881e-08
-5.624994553967545e-07
-8.860394789965633e-05
-8.789484501957075e-05
2.981833225015531e-07
-5.506196511312416e-08
-4.750695471180757e-07
-8.073962659949096e-05
-8.005632160055624e-05
2.5163600832382966e-07
-4.806510377761014e-08
-4.191286538252004e-07
-7.5414224820683e-05
-7.475162202368388e-05
2.2187368253637552e-07
-4.519221245079449e-08
-3.9603786612802176e-07
-7.315788009312212e-05
-7.250465411020049e-05
2.0959254820326466e-07
-3.763323789513048e-08
-3.343837051527494e-07
-6.66593590124468e-05
-6.603794369191527e-05
1.7682963285306972e-07
-3.28510886165531e-08
-2.9494500842289584e-07
-6.225927214264177e-05
-6.166168051430552e-05
1.5588558783616846e-07
-3.0887551368760906e-08
-2.7866774878183447e-07
-6.03950627343652e-05
-5.9807992490212775e-05
1.4724410082765396e-07
-2.572121413996121e-08
-2.352201757329318e-07
-5.502660304111146e-05
-5.447322597385635e-05
1.241972279486799e-07
-2.2452755313598948e-08
-2.07434427114973e-07
-5.139198789906195e-05
-5.086303614717428e-05
1.0946730929818845e-07
-2.111073539160163e-08
-1.9596787564784454e-07
-4.985214970065174e-05
-4.933384815959468e-05
1.0339034558359622e-07
-1.757969527992964e-08
-1.6537046148472623e-07
-4.541827055004622e-05
-4.4933032130068556e-05
8.718734765600394e-08
-1.5345799581801004e-08
-1.4580712421395293e-07
-4.241662011920298e-05
-4.1954904095491064e-05
7.683358385640315e-08
-1.4428568354754163e-08
-1.3773462448817542e-07
-4.11449852763039e-05
-4.069344771182611e-05
7.256243336718053e-08
-1.2015206078281592e-08
-1.1620015458722691e-07
-3.748371606718515e-05
-3.7063175068513025e-05
6.117714212046577e-08
-1.0488403908851859e-08
-1.0243443634920907e-07
-3.500526599813371e-05
-3.4606511470525384e-05
5.3903272731283834e-08
-9.861503265819482e-09
-9.675479927645567e-08
-3.395531213514729e-05
-3.356593755221544e-05
5.090290646042369e-08
-8.212040913501853e-09
-8.160778418694161e-08
-3.093253799335966e-05
-3.057136028707473e-05
4.290697568128566e-08
-7.168516298380515e-09
-7.192717494623125e-08
-2.8886420800957353e-05
-2.8544896241326982e-05
3.779942695857928e-08
-6.740048241521963e-09
-6.793340470007596e-08
-2.801963842808578e-05
-2.7686545475030842e-05
3.5692812212613476e-08
-5.612689051417671e-09
-5.7285221048110546e-08
-2.5524373152410035e-05
-2.5216393200495896e-05
3.0080006305596964e-08
-4.899470664784392e-09
-5.048118942120236e-08
-2.383540566536784e-05
-2.3544823215363505e-05
2.649533705496513e-08
-4.606625145356582e-09
-4.7674416118648425e-08
-2.3119934868745764e-05
-2.2836796992076288e-05
2.5016953382881848e-08
-3.836108401013704e-09
-4.019287524418257e-08
-2.106037720789418e-05
-2.079926123791687e-05
2.1078855351274456e-08
-3.348644592319332e-09
-3.541317293873178e-08
-1.966638210413064e-05
-1.9420452680319825e-05
1.8564166018371655e-08
-3.148493212500421e-09
-3.344163885863193e-08
-1.9075876208213562e-05
-1.8836432541944066e-05
1.752714077141502e-08
-2.6218675563511492e-09
-2.818771004224491e-08
-1.7376125284583713e-05
-1.715576734778117e-05
1.4765308863181719e-08
-2.288700445509948e-09
-2.483175138104972e-08
-1.6225701522252223e-05
-1.6018459088522563e-05
1.3002006177661493e-08
-2.151902812280258e-09
-2.3447598480611888e-08
-1.5738381424302303e-05
-1.5536731766910977e-05
1.2274896189818908e-08
-1.7919695707778983e-09
-1.975981997686006e-08
-1.4335705105285686e-05
-1.415044658745142e-05
1.0338828954052479e-08
-1.5642595424298566e-09
-1.7404644217506346e-08
-1.3386374552171107e-05
-1.3212348778764106e-05
9.102925103240453e-09
-1.470762416534623e-09
-1.6433337390649197e-08
-1.2984242781293235e-05
-1.2815001199922853e-05
8.593327243788385e-09
-1.2247586614644857e-09
-1.3846064411819843e-08
-1.1826808702061829e-05
-1.1671543381240032e-05
7.236689821725668e-09
-1.0691254625917852e-09
-1.2193989026136035e-08
-1.1043477275729212e-05
-1.0897768741513693e-05
6.370794708008671e-09
-1.005222987283919e-09
-1.1512701438997876e-08
-1.0711665536500542e-05
-1.0570023485156381e-05
6.01378577617509e-09
-8.370866078511216e-10
-9.698334590868053e-09
-9.75665839014582e-06
-9.626865246154615e-06
5.063543009779096e-09
-7.307159100238945e-10
-8.53997024057861e-09
-9.110339598648431e-06
-8.988634218426313e-06
4.457119509152939e-09
-6.87040326637014e-10
-8.06231610202347e-09
-8.836567648228594e-06
-8.718301009232492e-06
4.207107379703614e-09
-5.721241392762917e-10
-6.79050781100156e-09
-8.048628374108646e-06
-7.940360540244964e-06
3.5417734878843717e-09
-4.994229118670597e-10
-5.978656284211737e-09
-7.515385401132094e-06
-7.4139326470067845e-06
3.1172290416097124e-09
-4.69572025656126e-10
-5.6439104942317846e-09
-7.289512632043526e-06
-7.190955673011491e-06
2.9422112542424413e-09
-3.9103005338136815e-10
-4.752783656201645e-09
-6.639445445070481e-06
-6.549294145719031e-06
2.476533657313783e-09
-3.4134098086185474e-10
-4.184019686649156e-09
-6.199514992767523e-06
-6.11508611906228e-06
2.17942630461661e-09
-3.2093876077531457e-10
-3.949520526797592e-09
-6.013169093710546e-06
-5.931170474888945e-06
2.0569518637089232e-09
-2.672576163994725e-10
-3.3253751110269798e-09
-5.476871085144561e-06
-5.401916848073603e-06
1.7311314222606856e-09
-2.332965566347952e-10
-2.927067780812253e-09
-5.113938185599162e-06
-5.043774954845721e-06
1.523280371679508e-09
-2.1935234673770652e-10
-2.7628575589445924e-09
-4.9602078173835605e-06
-4.892078405561714e-06
1.4376041917266605e-09
-1.8266280094551098e-10
-2.3258717997691857e-09
-4.5177832986693555e-06
-4.455542271136693e-06
1.209715361462215e-09
-1.594514175129507e-10
-2.047040371240633e-09
-4.218381396026393e-06
-4.1601419163588694e-06
1.0643550100493177e-09
-1.4992082530695875e-10
-1.932092831223553e-09
-4.09156197366065e-06
-4.035020577258862e-06
1.0044406292494428e-09
-1.2484471312071373e-10
-1.6262556759545708e-09
-3.7265900237340662e-06
-3.6749602083390703e-06
8.451001295933166e-10
-1.0898032472650603e-10
-1.4311318422651352e-09
-3.479604904141978e-06
-3.4313105825207865e-06
7.434754317773347e-10
-1.0246657153092656e-10
-1.3506977679413407e-09
-3.3749883991848207e-06
-3.328109096962536e-06
7.015902700075642e-10
-8.532765337392062e-11
-1.1367238199711575e-09
-3.073917353129092e-06
-3.0311275773000128e-06
5.902140018983042e-10
-7.448489363304455e-11
-1.0002254379372098e-09
-2.8701771031024128e-06
-2.8301629923760763e-06
5.19188027073298e-10
-7.003290515531011e-11
-9.439613923826386e-10
-2.783878308857973e-06
-2.745041429407221e-06
4.899157967092526e-10
-5.831908835502803e-11
-7.94308596741773e-10
-2.535525360416128e-06
-2.50008847473511e-06
4.1208949153666156e-10
-5.090823810365395e-11
-6.988531112418261e-10
-2.3674615419667246e-06
-2.3343312291280315e-06
3.624639253627702e-10
-4.786545551982488e-11
-6.595092274815908e-10
-2.2962745205287987e-06
-2.2641222814846514e-06
3.4201258863733497e-10
-3.98593180591476e-11
-5.548764009042205e-10
-2.0914123092325614e-06
-2.0620832683481356e-06
2.8764582774079456e-10
-3.4794306613734534e-11
-4.881442727095545e-10
-1.952780060155699e-06
-1.9253655325474795e-06
2.5298278727474367e-10
-3.271462966726686e-11
-4.606405904798006e-10
-1.8940595579099232e-06
-1.8674567142839841e-06
2.3869822222617954e-10
-2.7242723901968166e-11
-3.875072378927327e-10
-1.725074706110556e-06
-1.7008136610167122e-06
2.007302938428276e-10
-2.3781017302737212e-11
-3.4087025815976716e-10
-1.610721572395425e-06
-1.588048057197006e-06
1.7652521829961705e-10
-2.2359417568836682e-11
-3.2164927501828576e-10
-1.5622850862688514e-06
-1.5402845273524171e-06
1.6655088610936231e-10
-1.8619541893809997e-11
-2.7054811494132445e-10
-1.4228962227298078e-06
-1.4028364375761682e-06
1.400424386089451e-10
-1.6253506550120786e-11
-2.379644482722073e-10
-1.328571274380092e-06
-1.3098267912802798e-06
1.231445802534221e-10
-1.528197976036444e-11
-2.2453623883239689e-10
-1.2886181872447072e-06
-1.2704311938632518e-06
1.1618176137847438e-10
-1.2725823870869616e-11
-1.8884044441882092e-10
-1.1736431355662669e-06
-1.1570633716318816e-06
9.767914620827121e-11
-1.1108771271156843e-11
-1.660816744603249e-10
-1.0958393750666826e-06
-1.080348605894328e-06
8.588562747519575e-11
-1.0444811616739168e-11
-1.5670310690202765e-10
-1.0628841954256764e-06
-1.0478549478328395e-06
8.102632650896373e-11
-8.697805059894619e-12
-1.3177535726350605e-10
-9.68047784757366e-07
-9.543487131759752e-07
6.811505320664201e-11
-7.592564058949253e-12
-1.1588363348632836e-10
-9.038720588533265e-07
-8.910740818174829e-07
5.988604809451833e-11
-7.138747937264874e-12
-1.0933475929521369e-10
-8.766893138690002e-07
-8.642731914730499e-07
5.649555699484168e-11
-5.94462697966893e-12
-9.193123512911323e-11
-7.984647456334143e-07
-7.871489225216427e-07
4.748793118911175e-11
-5.189159138421899e-12
-8.08377548439577e-11
-7.455303740943107e-07
-7.349597958974978e-07
4.174772170739915e-11
-4.87912340366973e-12
-7.626643782110319e-11
-7.231091254512868e-07
-7.128543343382823e-07
3.9382498956732566e-11
-4.0631335022641455e-12
-6.411940611642784e-11
-6.585870489150606e-07
-6.4924200113896e-07
3.3100140163058034e-11
-3.5467196364507624e-12
-5.637733420645832e-11
-6.149252128810811e-07
-6.061962567839801e-07
2.9096786326097336e-11
-3.3347533829762272e-12
-5.3187002924238555e-11
-5.964315207904059e-07
-5.879636087026748e-07
2.744735163505868e-11
-2.7769287728138356e-12
-4.471152698264928e-11
-5.432119907810961e-07
-5.354959842547253e-07
2.3066809151000057e-11
-2.4241270363713726e-12
-3.930945769236253e-11
-5.071986087526226e-07
-4.99991742719663e-07
2.0275461203388736e-11
-2.2792749292026533e-12
-3.7083811977085e-11
-4.919445579666516e-07
-4.849534081334429e-07
1.912554314891774e-11
-1.8979814690480542e-12
-3.117075454964318e-11
-4.480478806430638e-07
-4.416779852162862e-07
1.6071410667874437e-11
-1.656744758743189e-12
-2.740285004777571e-11
-4.183432707893053e-07
-4.123940045327285e-07
1.412563834040866e-11
-1.5578519830885737e-12
-2.5850598614731734e-11
-4.057614110669278e-07
-3.9999035203689133e-07
1.3324149489372002e-11
-1.2972581716705748e-12
-2.1726661181092594e-11
-3.695545817698985e-07
-3.6429668950409144e-07
1.1195311172226049e-11
-1.13242585840074e-12
-1.9098476951140836e-11
-3.450536764132214e-07
-3.4014320118073893e-07
9.83913129653545e-12
-1.0647101136983794e-12
-1.801601223142938e-11
-3.346759344035203e-07
-3.2991264312483034e-07
9.280605528409106e-12
-8.865965429534453e-13
-1.514028527880201e-11
-3.0481194360844525e-07
-3.0047244030159206e-07
7.797154529771405e-12
-7.74054650311534e-13
-1.3307940061809597e-11
-2.8460321439328386e-07
-2.805505973327371e-07
6.852150546376521e-12
-7.277306222892032e-13
-1.2553425414849866e-11
-2.760434948427341e-07
-2.721124139679836e-07
6.4629971799617575e-12
-6.05997017524139e-13
-1.0548516246132115e-11
-2.5141125381141875e-07
-2.4783008189859247e-07
5.429315422398594e-12
-5.290733396865609e-13
-9.271400975498896e-12
-2.347428241552842e-07
-2.3139851118609287e-07
4.771040029075184e-12
-4.97458154621026e-13
-8.74510204892439e-12
-2.2768265611608365e-07
-2.2443868301821598e-07
4.499809960361417e-12
-4.142064675316493e-13
-7.347972627421162e-12
-2.073656860621109e-07
-2.044105754422454e-07
3.7800028298615615e-12
-3.6154959329116697e-13
-6.457946438150303e-12
-1.936173748063628e-07
-1.9085778950717173e-07
3.3214610754152447e-12
-3.398384597114323e-13
-6.0911753380082876e-12
-1.877940696421055e-07
-1.8511731223133846e-07
3.132523640912621e-12
-2.82962054656011e-13
-5.117443775916561e-12
-1.7103642256020728e-07
-1.685980983072849e-07
2.631056307724493e-12
-2.4704207658801165e-13
-4.4971223846145354e-12
-1.5969668069363092e-07
-1.5741974006989896e-07
2.31164233346253e-12
-2.3231031240998476e-13
-4.241562502283868e-12
-1.5489356297331887e-07
-1.526849858288393e-07
2.1799495549532088e-12
-1.934462268673005e-13
-3.5632316009455232e-12
-1.4107170619783796e-07
-1.390599144101345e-07
1.8310152474877665e-12
-1.68844016936959e-13
-3.1309960199886495e-12
-1.3171859138307366e-07
-1.2983998881567797e-07
1.6085733673903572e-12
-1.5875980445976278e-13
-2.9527944879856876e-12
-1.2775694041242213e-07
-1.2593475691092645e-07
1.516979643752741e-12
-1.3219311544708377e-13
-2.480027399494286e-12
-1.1635656708918859e-07
-1.1469677942331449e-07
1.2738034531683621e-12
-1.1532529701347044e-13
-2.1791307799610794e-12
-1.086420498846157e-07
-1.0709217249124404e-07
1.1189241673868524e-12
-1.084793475915776e-13
-2.0550391395172827e-12
-1.0537445189347669e-07
-1.0387113202977393e-07
1.055171601105803e-12
-9.036082280166926e-14
-1.7261091168405785e-12
-9.59713483913965e-08
-9.460203360500411e-08
8.860438157541154e-13
-7.885992453410038e-14
-1.5167655267691122e-12
-8.960836598632347e-08
-8.832974410525169e-08
7.784285549586646e-13
-7.412721089443486e-14
-1.4301438189414287e-12
-8.691323110805569e-08
-8.567302588230737e-08
7.339657809524049e-13
-6.183967737645016e-14
-1.2011913244835212e-12
-7.915749723301121e-08
-7.802786195428463e-08
6.162546647217259e-13
-5.404115508348499e-14
-1.0553509072718135e-12
-7.390927454906124e-08
-7.285446990481521e-08
5.413413144966263e-13
-5.066219579307442e-14
-9.953482132013183e-13
-7.168631292300927e-08
-7.066320546191141e-08
5.105003086476818e-13
-4.228995763179662e-14
-8.356520644918926e-13
-6.528934491742158e-08
-6.435746513539268e-08
4.28493436904573e-13
-3.6844770068001776e-14
-7.34156446768974e-13
-6.096058579425009e-08
-6.009044527295677e-08
3.7637571286441007e-13
-3.4724216102756214e-14
-6.925571737229994e-13
-5.912707652171001e-08
-5.828308776596595e-08
3.55031020224684e-13
-2.877829438355619e-14
-5.816052000624203e-13
-5.3850829306214546e-08
-5.308210590786873e-08
2.980959498183574e-13
-2.5196069762134254e-14
-5.107564480116106e-13
-5.0280450805319495e-08
-4.9562662957186965e-08
2.6173819093114596e-13
-2.3697179474473413e-14
-4.818520813692428e-13
-4.876816499300592e-08
-4.807195245564395e-08
2.4688471168339255e-13
-1.9731835780015865e-14
-4.0463322110867927e-13
-4.44162960976377e-08
-4.3782176732325864e-08
2.072945240799267e-13
-1.7148962097915895e-14
-3.5571899757779227e-13
-4.147143472911438e-08
-4.087933628908097e-08
1.8216373198398005e-13
-1.624131059163408e-14
-3.356842270525532e-13
-4.022409573121199e-08
-3.964979652872972e-08
1.718794972338816e-13
-1.3463138540737686e-14
-2.820074583767868e-13
-3.663465938185427e-08
-3.611158481646872e-08
1.4420642321352843e-13
-1.1777492179590911e-14
-2.474449981010906e-13
-3.42057282846008e-08
-3.3717318859905895e-08
1.2660032506196584e-13
-1.1095092828946927e-14
-2.33095144889193e-13
-3.3176919266430995e-08
-3.2703193194076375e-08
1.1932229627735047e-13
-9.182384034366837e-15
-1.959636562640559e-13
-3.021634118724845e-08
-2.9784872267408216e-08
1.0016665286653043e-13
-8.012076310876212e-15
-1.7211858631699349e-13
-2.8212951618702207e-08
-2.7810079164378593e-08
8.799506700190304e-14
-7.426485010910005e-15
-1.625649107463178e-13
-2.736438700313437e-08
-2.6973627196218432e-08
8.304056535473294e-14
-6.232093543784583e-15
-1.3649903620796294e-13
-2.4922494400433646e-08
-2.4566593041395397e-08
6.960163972116425e-14
-5.370276681079768e-15
-1.1981116854176032e-13
-2.3270093567479655e-08
-2.2937781616940086e-08
6.125224150442516e-14
-5.179381390528255e-15
-1.1286061512848573e-13
-2.2570195389095707e-08
-2.2247875111196558e-08
5.76903589379871e-14
-4.333423240984361e-15
-9.488397230998467e-14
-2.0556116438306903e-08
-2.0262550779018044e-08
4.839773175095486e-14
-3.798941913780231e-15
-8.320122680190582e-14
-1.9193212289107512e-08
-1.8919105385913435e-08
4.239206760476577e-14
-3.594465020020114e-15
-7.86745487026616e-14
-1.8615934542164595e-08
-1.8350069785935836e-08
4.018990886794597e-14
-3.0143082618747644e-15
-6.602046010695035e-14
-1.6954717722303734e-08
-1.671257231369067e-08
3.366519728029905e-14
-2.5811416194034536e-15
-5.809455376817381e-14
-1.583059152742591e-08
-1.5604497165315035e-08
2.960544765886141e-14
-2.4338977258969506e-15
-5.457467902302074e-14
-1.5354451747170547e-08
-1.513515599800384e-08
2.7704999049426996e-14
-1.9328901612720064e-15
-4.590365286930353e-14
-1.398427675515613e-08
-1.3784546313528122e-08
2.3269817834376267e-14
-1.6969081275932814e-15
-4.023566536250205e-14
-1.305709521487746e-08
-1.2870604903887158e-08
2.038024274419791e-14
-1.5364173280557406e-15
-3.809603282757596e-14
-1.2664374184775498e-08
-1.2483491803681433e-08
1.9199065880777552e-14
-1.3902812412773559e-15
-3.1560296449042634e-14
-1.1534251407396699e-08
-1.1369507585377995e-08
1.597923769558449e-14
-1.2443408058633734e-15
-2.7874338562743734e-14
-1.0769510408055384e-08
-1.0615687681732512e-08
1.4080680836145798e-14
-1.3147703944319253e-15
-2.6003068207673016e-14
-1.044559349699044e-08
-1.0296396417928098e-08
1.3161640987823038e-14
-9.9638923206988e-16
-2.2000420916619423e-14
-9.513466292116637e-09
-9.377581090647999e-09
1.1105431813452185e-14
-8.907275947157093e-16
-1.9196854038251084e-14
-8.882706654704397e-09
-8.755829669600854e-09
9.754675376553794e-15
-7.759362151600926e-16
-1.8317596797409897e-14
-8.615539304560777e-09
-8.492478030806598e-09
9.236351438947073e-15
-6.563617029962254e-16
-1.531888995320988e-14
-7.846719236683143e-09
-7.73463818584677e-09
7.713595749317803e-15
-6.933968355646157e-16
-1.3603878748699803e-14
-7.326467749641703e-09
-7.221816971732212e-09
6.785997221330512e-15
-6.543440695364507e-16
-1.2662035922767667e-14
-7.1061075890666456e-09
-7.004604273096588e-09
6.410246676109201e-15
-5.510105851740081e-16
-1.0661378982746105e-14
-6.471983622779689e-09
-6.379537233833668e-09
5.377826815904851e-15
-4.709333957983242e-16
-9.672614515952172e-15
-6.042879439960932e-09
-5.9565618095876546e-09
4.8104536151911095e-15
-3.9693417566787564e-16
-9.031014769768904e-15
-5.861126062162628e-09
-5.777404531573882e-09
4.582218720464118e-15
-4.4050932065286036e-16
-7.478991788988029e-15
-5.338099759875861e-09
-5.261848592400624e-09
3.71949780536449e-15
-3.5449693634976813e-16
-6.572732241831583e-15
-4.9841739811846845e-09
-4.912978085168966e-09
3.2238744726168236e-15
-3.347925043273395e-16
-6.031144932910753e-15
-4.834263809068687e-09
-4.765208914446605e-09
3.0086798343776683e-15
-2.6666049224216534e-16
-5.0723493435646516e-15
-4.402871100538361e-09
-4.339977933919516e-09
2.4125000084308117e-15
-3.7998954939786343e-16
-4.306817090754206e-15
-4.110952766965522e-09
-4.052229079861192e-09
2.0458404741260652e-15
-3.741269466310206e-16
-4.311620635885173e-15
-3.987306367705215e-09
-3.930348979038205e-09
2.0632512989437053e-15
-2.4205934206386755e-16
-3.666878803834753e-15
-3.631493067820135e-09
-3.57961803515636e-09
1.7071120129383987e-15
-9.440840536672899e-17
-3.4135670529438913e-15
-3.390718323547454e-09
-3.342282624200986e-09
1.5955761361284905e-15
-2.1072118157189626e-16
-3.147462430053834e-15
-3.288734606529785e-09
-3.2417557586100846e-09
1.4518289733670382e-15
-1.1396229955963453e-16
-2.586778529565416e-15
-2.9952593943021405e-09
-2.9524725840447396e-09
1.1736984838735686e-15
-1.0758520880023399e-16
-2.160918045423843e-15
-2.796668207986302e-09
-2.756718001265717e-09
1.0317949662751756e-15
-1.2723010690590163e-16
-2.038990072628907e-15
-2.712552057216424e-09
-2.673803357663336e-09
8.36149890484307e-16
-5.31306721766976e-17
-1.7107198278237863e-15
-2.470493367498961e-09
-2.435202231078358e-09
7.463038629459407e-16
-1.6413190744491603e-16
-1.3912679023956757e-15
-2.306695086250077e-09
-2.2737436894287877e-09
5.104322030158692e-16
-9.801739608840287e-17
-1.1265018709711739e-15
-2.237316112182124e-09
-2.2053556366899838e-09
4.732138733002475e-16
-1.1571223153230635e-16
-8.609473844967218e-16
-2.037665655370521e-09
-2.0085572034401675e-09
3.0201161275417696e-16
-8.385740435290077e-17
-9.15591909182714e-16
-1.9025646488498677e-09
-1.8753860674984724e-09
2.255168842962804e-16
-4.1140706060287023e-17
-4.658187625472622e-16
-1.845340783273259e-09
-1.8189794376069605e-09
6.171743653112795e-17
-7.350991557240053e-17
-2.680713835123745e-16
-1.680668883910697e-09
-1.6566599558675655e-09
4.1393406142620694e-17
-8.509743983651194e-18
-4.79937001418675e-16
-1.5692372380622458e-09
-1.5468202236158602e-09
1.5340450781638456e-16
-2.217312624169108e-17
-2.538619221036753e-16
-1.5220389160308882e-09
-1.5002960974547203e-09
-2.812656870173902e-18
-1.679284751891679e-17
-3.2758991579646186e-16
-1.3862173490673125e-09
-1.3664147953471524e-09
-7.192030382555704e-17
1.2669105652775724e-17
-1.8824498382472028e-17
-1.2943084887215305e-09
-1.2758188685020673e-09
-1.4346035971087785e-16
