	0.282069
	0.008648
	0.000260
	0.018183
	0.234889
	0.027437
	0.002685
	0.037521
	0.205041
	0.037411
	0.004988
	0.048628
	0.192786
	0.041137
	0.006075
	0.052964
	0.160540
	0.048207
	0.009835
	0.062564
	0.140140
	0.051361
	0.012588
	0.067707
	0.131763
	0.052402
	0.013785
	0.069634
	0.109724
	0.053254
	0.017308
	0.073211
	0.095781
	0.052885
	0.019666
	0.074708
	0.090056
	0.052558
	0.020656
	0.075169
	0.074993
	0.050397
	0.023310
	0.075154
	0.065464
	0.048404
	0.024973
	0.074511
	0.061551
	0.047464
	0.025650
	0.074121
	0.051256
	0.044096
	0.027296
	0.072081
	0.044743
	0.041534
	0.028240
	0.070268
	0.042068
	0.040398
	0.028606
	0.069420
	0.035032
	0.036792
	0.029336
	0.066351
	0.030580
	0.034213
	0.029660
	0.063980
	0.028752
	0.033097
	0.029763
	0.062920
	0.023943
	0.029734
	0.029760
	0.059442
	0.020901
	0.027400
	0.029604
	0.056887
	0.019651
	0.026403
	0.029508
	0.055767
	0.016364
	0.023484
	0.028970
	0.052251
	0.014285
	0.021497
	0.028475
	0.049733
	0.013431
	0.020653
	0.028239
	0.048642
	0.011185
	0.018231
	0.027346
	0.045299
	0.009763
	0.016601
	0.026634
	0.042943
	0.009180
	0.015913
	0.026311
	0.041927
	0.007644
	0.013963
	0.025209
	0.038868
	0.006673
	0.012663
	0.024378
	0.036734
	0.006274
	0.012116
	0.024009
	0.035817
	0.005225
	0.010580
	0.022810
	0.033087
	0.004561
	0.009562
	0.021932
	0.031196
	0.004288
	0.009135
	0.021547
	0.030387
	0.003571
	0.007945
	0.020333
	0.027994
	0.003117
	0.007161
	0.019460
	0.026344
	0.002931
	0.006832
	0.019080
	0.025640
	0.002441
	0.005923
	0.017906
	0.023570
	0.002130
	0.005325
	0.017072
	0.022148
	0.002003
	0.005076
	0.016711
	0.021543
	0.001668
	0.004388
	0.015611
	0.019769
	0.001456
	0.003937
	0.014837
	0.018555
	0.001369
	0.003749
	0.014504
	0.018038
	0.001140
	0.003233
	0.013498
	0.016530
	0.000995
	0.002896
	0.012795
	0.015500
	0.000936
	0.002755
	0.012493
	0.015062
	0.000779
	0.002371
	0.011590
	0.013787
	0.000680
	0.002121
	0.010962
	0.012918
	0.000640
	0.002016
	0.010693
	0.012549
	0.000533
	0.001732
	0.009893
	0.011477
	0.000465
	0.001547
	0.009340
	0.010747
	0.000437
	0.001470
	0.009103
	0.010437
	0.000364
	0.001260
	0.008403
	0.009538
	0.000318
	0.001124
	0.007921
	0.008926
	0.000299
	0.001068
	0.007715
	0.008667
	0.000249
	0.000914
	0.007108
	0.007916
	0.000217
	0.000815
	0.006691
	0.007405
	0.000204
	0.000773
	0.006513
	0.007189
	0.000170
	0.000661
	0.005990
	0.006562
	0.000148
	0.000589
	0.005632
	0.006137
	0.000140
	0.000559
	0.005480
	0.005957
	0.000116
	0.000477
	0.005033
	0.005436
	0.000101
	0.000424
	0.004728
	0.005082
	0.000095
	0.000403
	0.004598
	0.004932
	0.000079
	0.000343
	0.004218
	0.004499
	0.000069
	0.000305
	0.003959
	0.004205
	0.000065
	0.000289
	0.003848
	0.004081
	0.000054
	0.000247
	0.003527
	0.003721
	0.000047
	0.000219
	0.003308
	0.003478
	0.000045
	0.000208
	0.003214
	0.003375
	0.000037
	0.000177
	0.002943
	0.003077
	0.000032
	0.000157
	0.002758
	0.002875
	0.000030
	0.000149
	0.002680
	0.002789
	0.000025
	0.000127
	0.002452
	0.002543
	0.000022
	0.000112
	0.002297
	0.002376
	0.000021
	0.000106
	0.002231
	0.002305
	0.000017
	0.000090
	0.002040
	0.002101
	0.000015
	0.000080
	0.001910
	0.001962
	0.000014
	0.000076
	0.001855
	0.001904
	0.000012
	0.000064
	0.001695
	0.001735
	0.000010
	0.000057
	0.001587
	0.001621
	0.000010
	0.000054
	0.001540
	0.001572
	0.000008
	0.000046
	0.001407
	0.001433
	0.000007
	0.000041
	0.001317
	0.001338
	0.000007
	0.000039
	0.001278
	0.001298
	0.000006
	0.000033
	0.001167
	0.001183
	0.000005
	0.000029
	0.001091
	0.001105
	0.000005
	0.000027
	0.001059
	0.001071
	0.000004
	0.000023
	0.000967
	0.000976
	0.000003
	0.000021
	0.000904
	0.000912
	0.000003
	0.000019
	0.000878
	0.000884
	0.000003
	0.000016
	0.000801
	0.000806
	0.000002
	0.000015
	0.000749
	0.000752
	0.000002
	0.000014
	0.000727
	0.000730
	0.000002
	0.000012
	0.000663
	0.000665
	0.000002
	0.000010
	0.000620
	0.000621
	0.000001
	0.000010
	0.000601
	0.000602
	0.000001
	0.000008
	0.000548
	0.000549
	0.000001
	0.000007
	0.000512
	0.000512
	0.000001
	0.000007
	0.000497
	0.000497
	0.000001
	0.000006
	0.000453
	0.000453
	0.000001
	0.000005
	0.000424
	0.000423
	0.000001
	0.000005
	0.000411
	0.000410
	0.000001
	0.000004
	0.000375
	0.000373
	0.000000
	0.000004
	0.000350
	0.000349
	0.000000
	0.000003
	0.000340
	0.000338
	0.000000
	0.000003
	0.000310
	0.000308
	0.000000
	0.000003
	0.000289
	0.000288
	0.000000
	0.000002
	0.000281
	0.000279
	0.000000
	0.000002
	0.000256
	0.000254
	0.000000
	0.000002
	0.000239
	0.000237
	0.000000
	0.000002
	0.000232
	0.000230
	0.000000
	0.000001
	0.000211
	0.000210
	0.000000
	0.000001
	0.000197
	0.000196
	0.000000
	0.000001
	0.000191
	0.000190
	0.000000
	0.000001
	0.000174
	0.000173
	0.000000
	0.000001
	0.000163
	0.000162
	0.000000
	0.000001
	0.000158
	0.000157
	0.000000
	0.000001
	0.000144
	0.000143
	0.000000
	0.000001
	0.000135
	0.000133
	0.000000
	0.000001
	0.000130
	0.000129
	0.000000
	0.000001
	0.000119
	0.000118
	0.000000
	0.000000
	0.000111
	0.000110
	0.000000
	0.000000
	0.000108
	0.000107
	0.000000
	0.000000
	0.000098
	0.000097
	0.000000
	0.000000
	0.000092
	0.000091
	0.000000
	0.000000
	0.000089
	0.000088
	0.000000
	0.000000
	0.000081
	0.000080
	0.000000
	0.000000
	0.000076
	0.000075
	0.000000
	0.000000
	0.000073
	0.000073
	0.000000
	0.000000
	0.000067
	0.000066
	0.000000
	0.000000
	0.000062
	0.000062
	0.000000
	0.000000
	0.000061
	0.000060
	0.000000
	0.000000
	0.000055
	0.000054
	0.000000
	0.000000
	0.000052
	0.000051
	0.000000
	0.000000
	0.000050
	0.000049
	0.000000
	0.000000
	0.000046
	0.000045
	0.000000
	0.000000
	0.000042
	0.000042
	0.000000
	0.000000
	0.000041
	0.000041
	0.000000
	0.000000
	0.000038
	0.000037
	0.000000
	0.000000
	0.000035
	0.000035
	0.000000
	0.000000
	0.000034
	0.000034
	0.000000
	0.000000
	0.000031
	0.000031
	0.000000
	0.000000
	0.000029
	0.000029
	0.000000
	0.000000
	0.000028
	0.000028
	0.000000
	0.000000
	0.000026
	0.000025
	0.000000
	0.000000
	0.000024
	0.000024
	0.000000
	0.000000
	0.000023
	0.000023
	0.000000
	0.000000
	0.000021
	0.000021
	0.000000
	0.000000
	0.000020
	0.000019
	0.000000
	0.000000
	0.000019
	0.000019
	0.000000
	0.000000
	0.000017
	0.000017
	0.000000
	0.000000
	0.000016
	0.000016
	0.000000
	0.000000
	0.000016
	0.000016
	0.000000
	0.000000
	0.000014
	0.000014
	0.000000
	0.000000
	0.000013
	0.000013
	0.000000
	0.000000
	0.000013
	0.000013
	0.000000
	0.000000
	0.000012
	0.000012
	0.000000
	0.000000
	0.000011
	0.000011
	0.000000
	0.000000
	0.000011
	0.000011
	0.000000
	0.000000
	0.000010
	0.000010
	0.000000
	0.000000
	0.000009
	0.000009
	0.000000
	0.000000
	0.000009
	0.000009
	0.000000
	0.000000
	0.000008
	0.000008
	0.000000
	0.000000
	0.000008
	0.000007
	0.000000
	0.000000
	0.000007
	0.000007
	0.000000
	0.000000
	0.000007
	0.000007
	0.000000
	0.000000
	0.000006
	0.000006
	0.000000
	0.000000
	0.000006
	0.000006
	0.000000
	0.000000
	0.000005
	0.000005
	0.000000
	0.000000
	0.000005
	0.000005
	0.000000
	0.000000
	0.000005
	0.000005
	0.000000
	0.000000
	0.000005
	0.000004
	0.000000
	0.000000
	0.000004
	0.000004
	0.000000
	0.000000
	0.000004
	0.000004
	0.000000
	0.000000
	0.000004
	0.000004
	0.000000
	0.000000
	0.000003
	0.000003
	0.000000
	0.000000
	0.000003
	0.000003
	0.000000
	0.000000
	0.000003
	0.000003
	0.000000
	0.000000
	0.000003
	0.000003
	0.000000
	0.000000
	0.000003
	0.000003
	0.000000
	0.000000
	0.000003
	0.000003
	0.000000
	0.000000
	0.000002
	0.000002
	0.000000
	0.000000
	0.000002
	0.000002
	0.000000
	0.000000
	0.000002
	0.000002
	0.000000
	0.000000
	0.000002
	0.000002
	0.000000
	0.000000
	0.000002
	0.000002
	0.000000
	0.000000
	0.000002
	0.000002
	0.000000
	0.000000
	0.000002
	0.000002
	0.000000
	0.000000
	0.000002
	0.000002
	0.000000
	0.000000
	0.000001
	0.000001
	0.000000
	0.000000
	0.000001
	0.000001
	0.000000
	0.000000
	0.000001
	0.000001
	0.000000
	0.000000
	0.000001
	0.000001
	0.000000
	0.000000
	0.000001
	0.000001
	0.000000
	0.000000
	0.000001
	0.000001
	0.000000
	0.000000
	0.000001
	0.000001
	0.000000
	0.000000
	0.000001
	0.000001
	0.000000
	0.000000
	0.000001
	0.000001
	0.000000
	0.000000
	0.000001
	0.000001
	0.000000
	0.000000
	0.000001
	0.000001
	0.000000
	0.000000
	0.000001
	0.000001
	0.000000
	0.000000
	0.000001
	0.000001
	0.000000
	0.000000
	0.000001
	0.000001
	0.000000
	0.000000
	0.000001
	0.000001
	0.000000
	0.000000
	0.000001
	0.000001
	0.000000
	0.000000
	0.000001
	0.000000
	0.000000
	0.000000
	0.000000
	0.000000
	0.000000
	0.000000
	0.000000
	0.000000
	0.000000
	0.000000
	0.000000
	0.000000
	0.000000
	0.000000
	0.000000
	0.000000
	0.000000
	0.000000
	0.000000
	0.000000
	0.000000
	0.000000
	0.000000
	0.000000
	0.000000
	0.000000
	0.000000
	0.000000
	0.000000
	0.000000
	0.000000
	0.000000
	0.000000
	0.000000
	0.000000
	0.000000
	0.000000
	0.000000
	0.000000
	0.000000
	0.000000
	0.000000
	0.000000
	0.000000
	0.000000
	0.000000
	0.000000
	0.000000
	0.000000
	0.000000
	0.000000
	0.000000
	0.000000
	0.000000
	0.000000
	0.000000
	0.000000
	0.000000
	0.000000
	0.000000
	0.000000
	0.000000
	0.000000
	0.000000
	0.000000
	0.000000
	0.000000
	0.000000
	0.000000
	0.000000
	0.000000
	0.000000
	0.000000
	0.000000
	0.000000
	0.000000
	0.000000
	0.000000
	0.000000
	0.000000
	0.000000
	0.000000
	0.000000
	0.000000
	0.000000
	0.000000
	0.000000
	0.000000
	0.000000
	0.000000
	0.000000
	0.000000
	0.000000
	0.000000
	0.000000
	0.000000
	0.000000
	0.000000
	0.000000
	0.000000
	0.000000
	0.000000
	0.000000
	0.000000
	0.000000
	0.000000
	0.000000
	0.000000
	0.000000
	0.000000
	0.000000
	0.000000
	0.000000
	0.000000
	0.000000
	0.000000
	0.000000
	0.000000
	0.000000
	0.000000
	0.000000
	0.000000
	0.000000
	0.000000
	0.000000
	0.000000
	0.000000
	0.000000
	0.000000
	0.000000
	0.000000
	0.000000
	0.000000
	0.000000
	0.000000
	0.000000
	0.000000
	0.000000
	0.000000
	0.000000
	0.000000
	0.000000
	0.000000
	0.000000
	0.000000
	0.000000
	0.000000
	0.000000
	0.000000
	0.000000
	0.000000
	0.000000
	0.000000
	0.000000
	0.000000
	0.000000
	0.000000
	0.000000
	0.000000
	0.000000
	0.000000
	0.000000
	0.000000
	0.000000
	0.000000
	0.000000
	0.000000
	0.000000
	0.000000
	0.000000
	0.000000
	0.000000
	0.000000
	0.000000
	0.000000
	0.000000
	0.000000
	0.000000
	0.000000
	0.000000
	0.000000
	0.000000
	0.000000
	0.000000
	0.000000
	0.000000
	0.000000
	0.000000
	0.000000
	0.000000
	0.000000
	0.000000
	0.000000
	0.000000
	0.000000
	0.000000
	0.000000
	0.000000
	0.000000
	0.000000
	0.000000
	0.000000
	0.000000
	0.000000
	0.000000
	0.000000
	0.000000
	0.000000
	0.000000
	0.000000
	0.000000
	0.000000
	0.000000
	0.000000
	0.000000
	0.000000
	0.000000
	0.000000
	0.000000
	0.000000
	0.000000
	0.000000
	0.000000
	0.000000
	0.000000
	0.000000
	0.000000
	0.000000
	0.000000
	0.000000
	0.000000
	0.000000
	0.000000
	0.000000
	0.000000
	0.000000
	0.000000
	0.000000
	0.000000
	0.000000
	0.000000
	0.000000
	0.000000
	0.000000
	0.000000
	0.000000
	0.000000
	0.000000
	0.000000
	0.000000
	0.000000
	0.000000
	0.000000
	0.000000
	0.000000
	0.000000
	0.000000
	0.000000
	0.000000
	0.000000
	0.000000
	0.000000
	0.000000
	0.000000
	0.000000
	0.000000
	0.000000
	0.000000
	0.000000
	0.000000
	0.000000
	0.000000
	0.000000
	0.000000
	0.000000
	0.000000
	0.000000
	0.000000
	0.000000
	0.000000
	0.000000
	0.000000
	0.000000
	0.000000
	0.000000
	0.000000
	0.000000
	0.000000
	0.000000
	0.000000
	0.000000
	0.000000
	0.000000
	0.000000
	0.000000
	0.000000
	0.000000
	0.000000
	0.000000
	0.000000
	0.000000
	0.000000
	0.000000
	0.000000
	0.000000
	0.000000
	0.000000
	0.000000
	0.000000
	0.000000
	0.000000
	0.000000
	0.000000
	0.000000
	0.000000
	0.000000
	0.000000
	0.000000
	0.000000
	0.000000
	0.000000
	0.000000
	0.000000
	0.000000
	0.000000
	0.000000
	0.000000
	0.000000
	0.000000
	0.000000
	0.000000
	0.000000
	0.000000
	0.000000
	0.000000
	0.000000
	0.000000
	0.000000
	0.000000
	0.000000
	0.000000
	0.000000
	0.000000
	0.000000
	0.000000
	0.000000
	0.000000
	0.000000
	0.000000
	0.000000
	0.000000
	0.000000
	-0.000000
	0.000000
	0.000000
	0.000000
	-0.000000
	0.000000
	0.000000
	0.000000
	-0.000000
	0.000000
	0.000000
	0.000000
	-0.000000
	0.000000
	0.000000
	0.000000
	-0.000000
	0.000000
	0.000000
	0.000000
	1.050000
	1.000000
	1.000000
	1.000000
	0.300000
	0.000000
	0.000000
	0.010000
	0.000000
	0.000268
	0.002956
	0.005613
	0.006889
	0.011612
	0.015259
	0.016884
	0.022102
	0.025857
	0.027487
	0.032425
	0.035862
	0.037334
	0.041655
	0.044604
	0.045857
	0.049462
	0.051891
	0.052917
	0.055831
	0.057776
	0.058595
	0.060896
	0.062423
	0.063063
	0.064849
	0.066028
	0.066522
	0.067890
	0.068789
	0.069165
	0.070201
	0.070880
	0.071164
	0.071942
	0.072451
	0.072662
	0.073243
	0.073621
	0.073778
	0.074208
	0.074488
	0.074604
	0.074921
	0.075126
	0.075212
	0.075444
	0.075595
	0.075657
	0.075827
	0.075937
	0.075982
	0.076106
	0.076186
	0.076219
	0.076308
	0.076366
	0.076390
	0.076455
	0.076497
	0.076514
	0.076561
	0.076591
	0.076604
	0.076637
	0.076659
	0.076668
	0.076692
	0.076708
	0.076714
	0.076731
	0.076742
	0.076747
	0.076760
	0.076767
	0.076771
	0.076780
	0.076785
	0.076788
	0.076794
	0.076798
	0.076800
	0.076804
	0.076807
	0.076808
	0.076812
	0.076814
	0.076814
	0.076817
	0.076818
	0.076819
	0.076820
	0.076821
	0.076822
	0.076823
	0.076824
	0.076824
	0.076825
	0.076825
	0.076826
	0.076826
	0.076826
	0.076827
	0.076827
	0.076827
	0.076827
	0.076828
	0.076828
	0.076828
	0.076828
	0.076828
	0.076828
	0.076828
	0.076829
	0.076829
	0.076829
	0.076829
	0.076829
	0.076829
	0.076829
	0.076829
	0.076829
	0.076829
	0.076829
	0.076829
	0.076829
	0.076829
	0.076829
	0.076829
	0.076829
	0.076829
	0.076829
	0.076829
	0.076829
	0.076829
	0.076829
	0.076829
	0.076829
	0.076829
	0.076829
	0.076829
	0.076829
	0.076829
	0.076829
	0.076829
	0.076829
	0.076829
	0.076829
	0.076829
	0.076829
	0.076829
	0.076829
	0.076829
	0.076829
	0.076829
	0.076829
	0.076829
	0.076829
	0.076829
	0.076829
	0.076829
	0.076829
	0.076829
	0.076829
	0.076829
	0.076829
	0.076829
	0.076829
	0.076829
	0.076829
	0.076829
	0.076829
	0.076829
	0.076829
	0.076829
	0.076829
	0.076829
	0.076829
	0.076829
	0.076829
	0.076829
	0.076829
	0.076829
	0.076829
	0.076829
	0.076829
	0.076829
	0.076829
	0.076829
	0.076829
	0.076829
	0.076829
	0.076829
	0.076829
	0.076829
	0.076829
	0.076829
	0.076829
	0.076829
	0.076829
	0.076829
	0.076829
	0.076829
	0.076829
	0.076829
	0.076829
	0.076829
	0.076829
	0.076829
	0.076829
	0.076829
	0.076829
	0.076829
	0.076829
	0.076829
	0.076829
	0.076829
	0.076829
	0.076829
	0.076829
	0.076829
	0.076829
	0.076829
	0.076829
	0.076829
	0.076829
	0.076829
	0.076829
	0.076829
	0.076829
	0.076829
	0.076829
	0.076829
	0.076829
	0.076829
	0.076829
	0.076829
	0.076829
	0.076829
	0.076829
	0.076829
	0.076829
	0.076829
	0.076829
	0.076829
	0.076829
	0.076829
	0.076829
	0.076829
	0.076829
	0.076829
	0.076829
	0.076829
	0.076829
	0.076829
	0.076829
	0.076829
	0.076829
	0.076829
	0.076829
	0.076829
	0.076829
	0.076829
	0.076829
	0.076829
	0.076829
	0.076829
	0.076829
	0.076829
	0.076829
	0.076829
	0.076829
	0.076829
	0.076829
	0.076829
	0.076829
	0.076829
	0.076829
	0.076829
	0.076829
	0.076829
	0.076829
	0.076829
	0.076829
	0.076829
	0.076829
	0.076829
	0.076829
	0.076829
	0.076829
	0.076829
	0.076829
	0.076829
	0.076829
	0.076829
	0.076829
	0.076829
	0.076829
	0.076829
	0.076829
	-0.578241
	0.278876
	0.008388
	0.263886
	0.008648
	-0.481523
	0.191760
	0.024751
	0.197368
	0.027437
	-0.420334
	0.140470
	0.032424
	0.156413
	0.037411
	-0.395211
	0.120150
	0.035062
	0.139822
	0.041137
	-0.329107
	0.072153
	0.038372
	0.097976
	0.048207
	-0.287286
	0.044424
	0.038773
	0.072433
	0.051361
	-0.270115
	0.033548
	0.038616
	0.062130
	0.052402
	-0.224935
	0.008702
	0.035947
	0.036513
	0.053254
	-0.196352
	-0.005200
	0.033219
	0.021074
	0.052885
	-0.184616
	-0.010556
	0.031902
	0.014887
	0.052558
	-0.153736
	-0.022051
	0.027087
	-0.000160
	0.050397
	-0.134201
	-0.028071
	0.023430
	-0.009047
	0.048404
	-0.126179
	-0.030300
	0.021814
	-0.012570
	0.047464
	-0.105074
	-0.034374
	0.016800
	-0.020825
	0.044096
	-0.091722
	-0.036088
	0.013294
	-0.025526
	0.041534
	-0.086240
	-0.036624
	0.011792
	-0.027352
	0.040398
	-0.071815
	-0.036801
	0.007456
	-0.031320
	0.036792
	-0.062689
	-0.036317
	0.004554
	-0.033400
	0.034213
	-0.058942
	-0.036004
	0.003334
	-0.034168
	0.033097
	-0.049084
	-0.034327
	-0.000027
	-0.035499
	0.029734
	-0.042846
	-0.032855
	-0.002203
	-0.035986
	0.027400
	-0.040285
	-0.032172
	-0.003105
	-0.036115
	0.026403
	-0.033547
	-0.029786
	-0.005486
	-0.035886
	0.023484
	-0.029284
	-0.027994
	-0.006978
	-0.035448
	0.021497
	-0.027534
	-0.027203
	-0.007586
	-0.035210
	0.020653
	-0.022929
	-0.024718
	-0.009115
	-0.034114
	0.018231
	-0.020015
	-0.022951
	-0.010033
	-0.033180
	0.016601
	-0.018819
	-0.022188
	-0.010398
	-0.032748
	0.015913
	-0.015671
	-0.019900
	-0.011246
	-0.031224
	0.013963
	-0.013680
	-0.018319
	-0.011715
	-0.030061
	0.012663
	-0.012862
	-0.017643
	-0.011893
	-0.029543
	0.012116
	-0.010711
	-0.015674
	-0.012231
	-0.027863
	0.010580
	-0.009350
	-0.014335
	-0.012370
	-0.026635
	0.009562
	-0.008791
	-0.013767
	-0.012412
	-0.026099
	0.009135
	-0.007320
	-0.012141
	-0.012388
	-0.024423
	0.007945
	-0.006390
	-0.011049
	-0.012299
	-0.023227
	0.007161
	-0.006008
	-0.010588
	-0.012248
	-0.022709
	0.006832
	-0.005003
	-0.009283
	-0.011983
	-0.021129
	0.005923
	-0.004368
	-0.008414
	-0.011747
	-0.020018
	0.005325
	-0.004106
	-0.008048
	-0.011635
	-0.019539
	0.005076
	-0.003420
	-0.007024
	-0.011224
	-0.018101
	0.004388
	-0.002985
	-0.006345
	-0.010900
	-0.017099
	0.003937
	-0.002807
	-0.006061
	-0.010755
	-0.016669
	0.003749
	-0.002337
	-0.005269
	-0.010265
	-0.015390
	0.003233
	-0.002040
	-0.004747
	-0.009899
	-0.014505
	0.002896
	-0.001918
	-0.004528
	-0.009738
	-0.014126
	0.002755
	-0.001597
	-0.003924
	-0.009219
	-0.013008
	0.002371
	-0.001394
	-0.003527
	-0.008842
	-0.012238
	0.002121
	-0.001311
	-0.003361
	-0.008677
	-0.011910
	0.002016
	-0.001092
	-0.002904
	-0.008162
	-0.010944
	0.001732
	-0.000953
	-0.002605
	-0.007793
	-0.010282
	0.001547
	-0.000896
	-0.002481
	-0.007633
	-0.009999
	0.001470
	-0.000746
	-0.002138
	-0.007143
	-0.009174
	0.001260
	-0.000651
	-0.001915
	-0.006796
	-0.008609
	0.001124
	-0.000612
	-0.001822
	-0.006647
	-0.008368
	0.001068
	-0.000510
	-0.001567
	-0.006194
	-0.007667
	0.000914
	-0.000445
	-0.001401
	-0.005876
	-0.007188
	0.000815
	-0.000419
	-0.001332
	-0.005739
	-0.006985
	0.000773
	-0.000349
	-0.001144
	-0.005329
	-0.006392
	0.000661
	-0.000304
	-0.001022
	-0.005044
	-0.005989
	0.000589
	-0.000286
	-0.000971
	-0.004921
	-0.005817
	0.000559
	-0.000238
	-0.000832
	-0.004556
	-0.005319
	0.000477
	-0.000208
	-0.000742
	-0.004303
	-0.004980
	0.000424
	-0.000196
	-0.000705
	-0.004195
	-0.004837
	0.000403
	-0.000163
	-0.000603
	-0.003875
	-0.004419
	0.000343
	-0.000142
	-0.000538
	-0.003653
	-0.004136
	0.000305
	-0.000134
	-0.000510
	-0.003559
	-0.004015
	0.000289
	-0.000111
	-0.000436
	-0.003280
	-0.003667
	0.000247
	-0.000097
	-0.000388
	-0.003088
	-0.003430
	0.000219
	-0.000091
	-0.000369
	-0.003007
	-0.003330
	0.000208
	-0.000076
	-0.000315
	-0.002766
	-0.003040
	0.000177
	-0.000066
	-0.000280
	-0.002602
	-0.002842
	0.000157
	-0.000062
	-0.000265
	-0.002531
	-0.002759
	0.000149
	-0.000052
	-0.000226
	-0.002326
	-0.002517
	0.000127
	-0.000045
	-0.000201
	-0.002185
	-0.002353
	0.000112
	-0.000043
	-0.000191
	-0.002125
	-0.002284
	0.000106
	-0.000036
	-0.000163
	-0.001950
	-0.002083
	0.000090
	-0.000031
	-0.000144
	-0.001830
	-0.001947
	0.000080
	-0.000029
	-0.000137
	-0.001779
	-0.001890
	0.000076
	-0.000024
	-0.000117
	-0.001631
	-0.001723
	0.000064
	-0.000021
	-0.000103
	-0.001529
	-0.001610
	0.000057
	-0.000020
	-0.000098
	-0.001486
	-0.001562
	0.000054
	-0.000017
	-0.000083
	-0.001361
	-0.001424
	0.000046
	-0.000014
	-0.000074
	-0.001276
	-0.001331
	0.000041
	-0.000014
	-0.000070
	-0.001240
	-0.001291
	0.000039
	-0.000011
	-0.000060
	-0.001134
	-0.001177
	0.000033
	-0.000010
	-0.000053
	-0.001063
	-0.001100
	0.000029
	-0.000009
	-0.000050
	-0.001032
	-0.001067
	0.000027
	-0.000008
	-0.000042
	-0.000944
	-0.000972
	0.000023
	-0.000007
	-0.000038
	-0.000884
	-0.000908
	0.000021
	-0.000006
	-0.000036
	-0.000858
	-0.000881
	0.000019
	-0.000005
	-0.000030
	-0.000784
	-0.000803
	0.000016
	-0.000005
	-0.000027
	-0.000734
	-0.000750
	0.000015
	-0.000004
	-0.000025
	-0.000713
	-0.000728
	0.000014
	-0.000004
	-0.000022
	-0.000651
	-0.000663
	0.000012
	-0.000003
	-0.000019
	-0.000609
	-0.000619
	0.000010
	-0.000003
	-0.000018
	-0.000591
	-0.000601
	0.000010
	-0.000002
	-0.000015
	-0.000540
	-0.000547
	0.000008
	-0.000002
	-0.000014
	-0.000505
	-0.000511
	0.000007
	-0.000002
	-0.000013
	-0.000490
	-0.000496
	0.000007
	-0.000002
	-0.000011
	-0.000447
	-0.000452
	0.000006
	-0.000001
	-0.000010
	-0.000418
	-0.000422
	0.000005
	-0.000001
	-0.000009
	-0.000406
	-0.000409
	0.000005
	-0.000001
	-0.000008
	-0.000371
	-0.000373
	0.000004
	-0.000001
	-0.000007
	-0.000346
	-0.000348
	0.000004
	-0.000001
	-0.000006
	-0.000336
	-0.000338
	0.000003
	-0.000001
	-0.000005
	-0.000307
	-0.000308
	0.000003
	-0.000001
	-0.000005
	-0.000287
	-0.000287
	0.000003
	-0.000001
	-0.000005
	-0.000278
	-0.000279
	0.000002
	-0.000001
	-0.000004
	-0.000254
	-0.000254
	0.000002
	-0.000000
	-0.000003
	-0.000237
	-0.000237
	0.000002
	-0.000000
	-0.000003
	-0.000230
	-0.000230
	0.000002
	-0.000000
	-0.000003
	-0.000210
	-0.000210
	0.000001
	-0.000000
	-0.000002
	-0.000196
	-0.000196
	0.000001
	-0.000000
	-0.000002
	-0.000190
	-0.000190
	0.000001
	-0.000000
	-0.000002
	-0.000173
	-0.000173
	0.000001
	-0.000000
	-0.000002
	-0.000162
	-0.000161
	0.000001
	-0.000000
	-0.000002
	-0.000157
	-0.000157
	0.000001
	-0.000000
	-0.000001
	-0.000143
	-0.000143
	0.000001
	-0.000000
	-0.000001
	-0.000134
	-0.000133
	0.000001
	-0.000000
	-0.000001
	-0.000130
	-0.000129
	0.000001
	-0.000000
	-0.000001
	-0.000118
	-0.000118
	0.000001
	-0.000000
	-0.000001
	-0.000111
	-0.000110
	0.000000
	-0.000000
	-0.000001
	-0.000107
	-0.000107
	0.000000
	-0.000000
	-0.000001
	-0.000098
	-0.000097
	0.000000
	-0.000000
	-0.000001
	-0.000091
	-0.000091
	0.000000
	-0.000000
	-0.000001
	-0.000089
	-0.000088
	0.000000
	-0.000000
	-0.000000
	-0.000081
	-0.000080
	0.000000
	-0.000000
	-0.000000
	-0.000075
	-0.000075
	0.000000
	-0.000000
	-0.000000
	-0.000073
	-0.000073
	0.000000
	-0.000000
	-0.000000
	-0.000067
	-0.000066
	0.000000
	-0.000000
	-0.000000
	-0.000062
	-0.000062
	0.000000
	-0.000000
	-0.000000
	-0.000060
	-0.000060
	0.000000
	-0.000000
	-0.000000
	-0.000055
	-0.000054
	0.000000
	-0.000000
	-0.000000
	-0.000051
	-0.000051
	0.000000
	-0.000000
	-0.000000
	-0.000050
	-0.000049
	0.000000
	-0.000000
	-0.000000
	-0.000045
	-0.000045
	0.000000
	-0.000000
	-0.000000
	-0.000042
	-0.000042
	0.000000
	-0.000000
	-0.000000
	-0.000041
	-0.000041
	0.000000
	-0.000000
	-0.000000
	-0.000037
	-0.000037
	0.000000
	-0.000000
	-0.000000
	-0.000035
	-0.000035
	0.000000
	-0.000000
	-0.000000
	-0.000034
	-0.000034
	0.000000
	-0.000000
	-0.000000
	-0.000031
	-0.000031
	0.000000
	-0.000000
	-0.000000
	-0.000029
	-0.000029
	0.000000
	-0.000000
	-0.000000
	-0.000028
	-0.000028
	0.000000
	-0.000000
	-0.000000
	-0.000026
	-0.000025
	0.000000
	-0.000000
	-0.000000
	-0.000024
	-0.000024
	0.000000
	-0.000000
	-0.000000
	-0.000023
	-0.000023
	0.000000
	-0.000000
	-0.000000
	-0.000021
	-0.000021
	0.000000
	-0.000000
	-0.000000
	-0.000020
	-0.000019
	0.000000
	-0.000000
	-0.000000
	-0.000019
	-0.000019
	0.000000
	-0.000000
	-0.000000
	-0.000017
	-0.000017
	0.000000
	-0.000000
	-0.000000
	-0.000016
	-0.000016
	0.000000
	-0.000000
	-0.000000
	-0.000016
	-0.000016
	0.000000
	-0.000000
	-0.000000
	-0.000014
	-0.000014
	0.000000
	-0.000000
	-0.000000
	-0.000013
	-0.000013
	0.000000
	-0.000000
	-0.000000
	-0.000013
	-0.000013
	0.000000
	-0.000000
	-0.000000
	-0.000012
	-0.000012
	0.000000
	-0.000000
	-0.000000
	-0.000011
	-0.000011
	0.000000
	-0.000000
	-0.000000
	-0.000011
	-0.000011
	0.000000
	-0.000000
	-0.000000
	-0.000010
	-0.000010
	0.000000
	-0.000000
	-0.000000
	-0.000009
	-0.000009
	0.000000
	-0.000000
	-0.000000
	-0.000009
	-0.000009
	0.000000
	-0.000000
	-0.000000
	-0.000008
	-0.000008
	0.000000
	-0.000000
	-0.000000
	-0.000008
	-0.000007
	0.000000
	-0.000000
	-0.000000
	-0.000007
	-0.000007
	0.000000
	-0.000000
	-0.000000
	-0.000007
	-0.000007
	0.000000
	-0.000000
	-0.000000
	-0.000006
	-0.000006
	0.000000
	-0.000000
	-0.000000
	-0.000006
	-0.000006
	0.000000
	-0.000000
	-0.000000
	-0.000005
	-0.000005
	0.000000
	-0.000000
	-0.000000
	-0.000005
	-0.000005
	0.000000
	-0.000000
	-0.000000
	-0.000005
	-0.000005
	0.000000
	-0.000000
	-0.000000
	-0.000005
	-0.000004
	0.000000
	-0.000000
	-0.000000
	-0.000004
	-0.000004
	0.000000
	-0.000000
	-0.000000
	-0.000004
	-0.000004
	0.000000
	-0.000000
	-0.000000
	-0.000004
	-0.000004
	0.000000
	-0.000000
	-0.000000
	-0.000003
	-0.000003
	0.000000
	-0.000000
	-0.000000
	-0.000003
	-0.000003
	0.000000
	-0.000000
	-0.000000
	-0.000003
	-0.000003
	0.000000
	-0.000000
	-0.000000
	-0.000003
	-0.000003
	0.000000
	-0.000000
	-0.000000
	-0.000003
	-0.000003
	0.000000
	-0.000000
	-0.000000
	-0.000003
	-0.000003
	0.000000
	-0.000000
	-0.000000
	-0.000002
	-0.000002
	0.000000
	-0.000000
	-0.000000
	-0.000002
	-0.000002
	0.000000
	-0.000000
	-0.000000
	-0.000002
	-0.000002
	0.000000
	-0.000000
	-0.000000
	-0.000002
	-0.000002
	0.000000
	-0.000000
	-0.000000
	-0.000002
	-0.000002
	0.000000
	-0.000000
	-0.000000
	-0.000002
	-0.000002
	0.000000
	-0.000000
	-0.000000
	-0.000002
	-0.000002
	0.000000
	-0.000000
	-0.000000
	-0.000002
	-0.000002
	0.000000
	-0.000000
	-0.000000
	-0.000001
	-0.000001
	0.000000
	-0.000000
	-0.000000
	-0.000001
	-0.000001
	0.000000
	-0.000000
	-0.000000
	-0.000001
	-0.000001
	0.000000
	-0.000000
	-0.000000
	-0.000001
	-0.000001
	0.000000
	-0.000000
	-0.000000
	-0.000001
	-0.000001
	0.000000
	-0.000000
	-0.000000
	-0.000001
	-0.000001
	0.000000
	-0.000000
	-0.000000
	-0.000001
	-0.000001
	0.000000
	-0.000000
	-0.000000
	-0.000001
	-0.000001
	0.000000
	-0.000000
	-0.000000
	-0.000001
	-0.000001
	0.000000
	-0.000000
	-0.000000
	-0.000001
	-0.000001
	0.000000
	-0.000000
	-0.000000
	-0.000001
	-0.000001
	0.000000
	-0.000000
	-0.000000
	-0.000001
	-0.000001
	0.000000
	-0.000000
	-0.000000
	-0.000001
	-0.000001
	0.000000
	-0.000000
	-0.000000
	-0.000001
	-0.000001
	0.000000
	-0.000000
	-0.000000
	-0.000001
	-0.000001
	0.000000
	-0.000000
	-0.000000
	-0.000001
	-0.000001
	0.000000
	-0.000000
	-0.000000
	-0.000001
	-0.000000
	0.000000
	-0.000000
	-0.000000
	-0.000000
	-0.000000
	0.000000
	-0.000000
	-0.000000
	-0.000000
	-0.000000
	0.000000
	-0.000000
	-0.000000
	-0.000000
	-0.000000
	0.000000
	-0.000000
	-0.000000
	-0.000000
	-0.000000
	0.000000
	-0.000000
	-0.000000
	-0.000000
	-0.000000
	0.000000
	-0.000000
	-0.000000
	-0.000000
	-0.000000
	0.000000
	-0.000000
	-0.000000
	-0.000000
	-0.000000
	0.000000
	-0.000000
	-0.000000
	-0.000000
	-0.000000
	0.000000
	-0.000000
	-0.000000
	-0.000000
	-0.000000
	0.000000
	-0.000000
	-0.000000
	-0.000000
	-0.000000
	0.000000
	-0.000000
	-0.000000
	-0.000000
	-0.000000
	0.000000
	-0.000000
	-0.000000
	-0.000000
	-0.000000
	0.000000
	-0.000000
	-0.000000
	-0.000000
	-0.000000
	0.000000
	-0.000000
	-0.000000
	-0.000000
	-0.000000
	0.000000
	-0.000000
	-0.000000
	-0.000000
	-0.000000
	0.000000
	-0.000000
	-0.000000
	-0.000000
	-0.000000
	0.000000
	-0.000000
	-0.000000
	-0.000000
	-0.000000
	0.000000
	-0.000000
	-0.000000
	-0.000000
	-0.000000
	0.000000
	-0.000000
	-0.000000
	-0.000000
	-0.000000
	0.000000
	-0.000000
	-0.000000
	-0.000000
	-0.000000
	0.000000
	-0.000000
	-0.000000
	-0.000000
	-0.000000
	0.000000
	-0.000000
	-0.000000
	-0.000000
	-0.000000
	0.000000
	-0.000000
	-0.000000
	-0.000000
	-0.000000
	0.000000
	-0.000000
	-0.000000
	-0.000000
	-0.000000
	0.000000
	-0.000000
	-0.000000
	-0.000000
	-0.000000
	0.000000
	-0.000000
	-0.000000
	-0.000000
	-0.000000
	0.000000
	-0.000000
	-0.000000
	-0.000000
	-0.000000
	0.000000
	-0.000000
	-0.000000
	-0.000000
	-0.000000
	0.000000
	-0.000000
	-0.000000
	-0.000000
	-0.000000
	0.000000
	-0.000000
	-0.000000
	-0.000000
	-0.000000
	0.000000
	-0.000000
	-0.000000
	-0.000000
	-0.000000
	0.000000
	-0.000000
	-0.000000
	-0.000000
	-0.000000
	0.000000
	-0.000000
	-0.000000
	-0.000000
	-0.000000
	0.000000
	-0.000000
	-0.000000
	-0.000000
	-0.000000
	0.000000
	-0.000000
	-0.000000
	-0.000000
	-0.000000
	0.000000
	-0.000000
	-0.000000
	-0.000000
	-0.000000
	0.000000
	-0.000000
	-0.000000
	-0.000000
	-0.000000
	0.000000
	-0.000000
	-0.000000
	-0.000000
	-0.000000
	0.000000
	-0.000000
	-0.000000
	-0.000000
	-0.000000
	0.000000
	-0.000000
	-0.000000
	-0.000000
	-0.000000
	0.000000
	-0.000000
	-0.000000
	-0.000000
	-0.000000
	0.000000
	-0.000000
	-0.000000
	-0.000000
	-0.000000
	0.000000
	-0.000000
	-0.000000
	-0.000000
	-0.000000
	0.000000
	-0.000000
	-0.000000
	-0.000000
	-0.000000
	0.000000
	-0.000000
	-0.000000
	-0.000000
	-0.000000
	0.000000
	-0.000000
	-0.000000
	-0.000000
	-0.000000
	0.000000
	-0.000000
	-0.000000
	-0.000000
	-0.000000
	0.000000
	-0.000000
	-0.000000
	-0.000000
	-0.000000
	0.000000
	-0.000000
	-0.000000
	-0.000000
	-0.000000
	0.000000
	-0.000000
	-0.000000
	-0.000000
	-0.000000
	0.000000
	-0.000000
	-0.000000
	-0.000000
	-0.000000
	0.000000
	-0.000000
	-0.000000
	-0.000000
	-0.000000
	0.000000
	-0.000000
	-0.000000
	-0.000000
	-0.000000
	0.000000
	-0.000000
	-0.000000
	-0.000000
	-0.000000
	0.000000
	-0.000000
	-0.000000
	-0.000000
	-0.000000
	0.000000
	-0.000000
	-0.000000
	-0.000000
	-0.000000
	0.000000
	-0.000000
	-0.000000
	-0.000000
	-0.000000
	0.000000
	-0.000000
	-0.000000
	-0.000000
	-0.000000
	0.000000
	-0.000000
	-0.000000
	-0.000000
	-0.000000
	0.000000
	-0.000000
	-0.000000
	-0.000000
	-0.000000
	0.000000
	-0.000000
	-0.000000
	-0.000000
	-0.000000
	0.000000
	-0.000000
	-0.000000
	-0.000000
	-0.000000
	0.000000
	-0.000000
	-0.000000
	-0.000000
	-0.000000
	0.000000
	-0.000000
	-0.000000
	-0.000000
	-0.000000
	0.000000
	-0.000000
	-0.000000
	-0.000000
	-0.000000
	0.000000
	-0.000000
	-0.000000
	-0.000000
	-0.000000
	0.000000
	-0.000000
	-0.000000
	-0.000000
	-0.000000
	0.000000
	-0.000000
	-0.000000
	-0.000000
	-0.000000
	0.000000
	-0.000000
	-0.000000
	-0.000000
	-0.000000
	0.000000
	-0.000000
	-0.000000
	-0.000000
	-0.000000
	0.000000
	-0.000000
	-0.000000
	-0.000000
	-0.000000
	0.000000
	-0.000000
	-0.000000
	-0.000000
	-0.000000
	0.000000
	-0.000000
	-0.000000
	-0.000000
	-0.000000
	0.000000
	-0.000000
	-0.000000
	-0.000000
	-0.000000
	0.000000
	-0.000000
	-0.000000
	-0.000000
	-0.000000
	0.000000
	-0.000000
	-0.000000
	-0.000000
	-0.000000
	0.000000
	-0.000000
	-0.000000
	-0.000000
	-0.000000
	0.000000
	-0.000000
	-0.000000
	-0.000000
	-0.000000
	0.000000
	-0.000000
	-0.000000
	-0.000000
	-0.000000
	0.000000
	-0.000000
	-0.000000
	-0.000000
	-0.000000
	0.000000
	-0.000000
	-0.000000
	-0.000000
	-0.000000
	0.000000
	-0.000000
	-0.000000
	-0.000000
	-0.000000
	0.000000
	-0.000000
	-0.000000
	-0.000000
	-0.000000
	0.000000
	-0.000000
	-0.000000
	-0.000000
	-0.000000
	0.000000
	-0.000000
	-0.000000
	-0.000000
	-0.000000
	0.000000
	-0.000000
	-0.000000
	-0.000000
	-0.000000
	0.000000
	-0.000000
	-0.000000
	-0.000000
	-0.000000
	0.000000
	-0.000000
	-0.000000
	-0.000000
	-0.000000
	0.000000
	-0.000000
	-0.000000
	-0.000000
	-0.000000
	0.000000
	-0.000000
	-0.000000
	-0.000000
	-0.000000
	0.000000
	-0.000000
	-0.000000
	-0.000000
	-0.000000
	-0.000000
	-0.000000
	-0.000000
	-0.000000
	-0.000000
	-0.000000
	0.000000
	-0.000000
	-0.000000
	-0.000000
	-0.000000
	-24392959340.383068
	-46758783180.898918
	827049116.328167
	1002654303.404196
	-93228179195.968674
	-77238988758.700150
	-147845169681.141022
	2689103044.366016
	3112217403.264934
	-294545599025.774902
	-56392116914.638687
	-107412482508.191299
	2144369908.580889
	2238045342.938420
	-213510888676.941101
	-24768110538.135006
	-47005097168.736786
	975105981.397177
	917104000.376244
	-93270749157.686432
	-78428492394.799896
	-148649982045.865814
	3097409094.258269
	2506735512.264462
	-294776828320.402649
	-57304766239.172829
	-108086790216.467804
	2334796445.388746
	1597095858.904701
	-213758074271.301483
	-25175677397.557537
	-47323543194.864830
	1020826818.486759
	530531316.499582
	-93435193828.443192
	-79702715205.196030
	-149672894197.508087
	3087434899.858027
	993724911.998086
	-295453650650.066956
	-58221517381.299316
	-108898272000.906418
	2261746209.255641
	385848436.934320
	-214326086297.574249
	-25565928658.697495
	-47695403055.232742
	964379099.920581
	-2660707.435512
	-93717937848.750122
	-80930375447.768295
	-150838131700.983734
	2772225854.284792
	-593807534.453620
	-296524720974.391663
	-59072447786.427742
	-109774129024.080750
	1981617497.347476
	-905231858.754477
	-215171305696.309631
	-25921842606.060055
	-48086395638.405090
	815889255.925447
	-536580372.151836
	-94095337714.267792
	-82032011495.447830
	-152055950877.965515
	2283957659.920550
	-2261992168.153451
	-297768288539.254700
	-59846233709.088928
	-110676538563.490677
	1510988745.107599
	-2050115649.644314
	-216101163211.160706
	-26245611074.096947
	-48482852048.097336
	578392433.869044
	-1053062900.886401
	-94569008693.814514
	-83034779225.012589
	-153280017947.003326
	1400072424.800451
	-3739340979.618868
	-299238422542.959290
	-60525048634.744667
	-111548009873.596634
	877595177.687846
	-3126727108.045452
	-217272772741.813477
	-26528910425.332760
	-48853901235.460350
	300742797.724124
	-1560144876.686867
	-95061958985.641815
	-83907103941.588882
	-154424242539.021912
	606499813.465178
	-5345884242.112458
	-300825436943.614685
	-61081671756.254082
	-112360876725.406021
	242899441.971538
	-4292986453.571729
	-218424490495.783722
	-26746225164.082096
	-49194494521.578705
	26347782.650462
	-1999377305.205857
	-95546961982.557526
	-84576715008.823441
	-155473427501.991089
	-215437558.674329
	-6488201836.482225
	-302474466190.928528
	-61515134030.313675
	-113093412301.408234
	-397061419.322235
	-5147169197.062611
	-219675744997.204498
	-26919162306.867622
	-49500207918.935486
	-245115518.941028
	-2361808823.822644
	-96110676784.217560
	-85087203385.864761
	-156404795049.392029
	-1134906926.137916
	-7463368940.759067
	-304133495540.657471
	-61832824116.550964
	-113707250330.193848
	-1069436776.024212
	-5742308318.293877
	-220745291146.276672
	-27039148890.654240
	-49744180702.126099
	-573411947.044768
	-2584837840.372024
	-96525454988.658554
	-85448542531.031509
	-157159383034.470703
	-2012339113.965915
	-8197571567.360705
	-305422436017.745117
	-62042370001.676178
	-114201230173.824387
	-1772487992.274028
	-6232851460.070257
	-221667420958.438751
	-27113766706.467503
	-49948655845.717545
	-858531496.566757
	-2785655734.265555
	-96940164484.714462
	-85685103929.519455
	-157768275712.594177
	-2952545747.170715
	-8679089739.940853
	-306745907559.240601
	-62171773638.727562
	-114572709273.148651
	-2396055497.575280
	-6603140725.353830
	-222538064566.367706
	-27159061834.813259
	-50082199470.213272
	-1105573798.965884
	-2980351896.837871
	-97275674074.614548
	-85798150368.348724
	-158163564710.936554
	-3581459231.733751
	-9256843598.349331
	-307656617194.846985
	-62205696521.776108
	-114815395121.609344
	-2801297103.394613
	-7015834555.615611
	-223181559503.657898
	-27159182587.170528
	-50173701066.616493
	-1284239209.488480
	-3103887213.118464
	-97543177756.984329
	-85780327357.595703
	-158440235448.065186
	-4117604588.256023
	-9554069105.372257
	-308441930912.215149
	-62153022118.280968
	-114962753379.064651
	-3210892493.084554
	-7201616272.121622
	-223664799045.899109
	-27121526178.884418
	-50218896597.240067
	-1465557549.158463
	-3166628012.254461
	-97719679913.830338
	-85652718166.264832
	-158551687015.578705
	-4588268814.950088
	-9705690815.884481
	-308992058636.383240
	-62019750636.894707
	-114993806310.706528
	-3563321957.464584
	-7299961854.792761
	-224081038051.232544
	-27050260393.047421
	-50218582951.536339
	-1622443630.648982
	-3197207320.508582
	-97886513847.080109
	-85411788570.230682
	-158529128100.668579
	-4942801632.670947
	-9713980855.219936
	-309359345525.535156
	-61817478564.914879
	-114919935208.844009
	-3809785877.605175
	-7252705650.689845
	-224253762305.345947
	-26955366902.658234
	-50169494743.882782
	-1715190309.728882
	-3169749449.622076
	-97959551403.348770
	-85102725767.810699
	-158368945136.778992
	-5311691602.765707
	-9630868415.376503
	-309472971169.048645
	-61568249773.146889
	-114759378667.046890
	-4102454657.866635
	-7170521718.195283
	-224289863469.481232
	-26839000077.220028
	-50084298068.177841
	-1847722527.901103
	-3116122959.131135
	-97916350482.536530
	-84729250270.691315
	-158085388852.406677
	-5689300059.271107
	-9451128058.324108
	-309269384087.895020
	-61278333613.596718
	-114504772916.937668
	-4307034811.661056
	-7025721991.022748
	-224088996070.213165
	-26706550321.928070
	-49960132843.057404
	-1919913104.345773
	-3051338104.004035
	-97821942067.106796
	-84299644760.655258
	-157672022666.962006
	-5888543120.958850
	-9321740306.065538
	-308864256466.148682
	-60947066259.285927
	-114172636254.036621
	-4460766056.990571
	-6915154126.300571
	-223727580284.072754
	-26554883590.949093
	-49804979382.418976
	-1998111506.914652
	-3022916677.615736
	-97656939305.970734
	-83809407346.980423
	-157172372867.216278
	-6207662357.610626
	-9207284318.589756
	-308467908632.589600
	-60564071404.744217
	-113763696447.395370
	-4697956044.401129
	-6831429929.886981
	-223329802261.190063
	-26382450347.982235
	-49607799740.373215
	-2115260058.749835
	-2987234229.465961
	-97464483470.714447
	-83248666294.788818
	-156531952256.220245
	-6580667871.217810
	-9161985683.832914
	-307597459681.307800
	-60128010229.463112
	-113238896629.503662
	-5019927531.163649
	-6848288539.207505
	-222740196679.410278
	-26179635584.080135
	-49354459652.637383
	-2173496329.593701
	-2976970778.958672
	-97135763799.265167
	-82595945732.943939
	-155708282028.716766
	-6746613069.286387
	-9018903288.565426
	-306551914497.787170
	-59628471112.967484
	-112598533870.575485
	-5006060515.579627
	-6638188579.171667
	-221917068950.883911
	-25958256924.146160
	-49066593558.852470
	-2165174513.918562
	-2885052994.240798
	-96774396438.639999
	-81889689339.909027
	-154794915229.966919
	-6667627472.607181
	-8809968469.338079
	-305305712080.812378
	-59094953390.101875
	-111897293557.383698
	-5030852727.187153
	-6517334365.872005
	-220889402073.136902
	-25717833888.303574
	-48747443206.860222
	-2247807645.251316
	-2824330231.415215
	-96313909704.908813
	-81132704803.729294
	-153759336795.544037
	-6819738476.100410
	-8530611581.232263
	-303745991961.378662
	-58531423756.642235
	-111107747763.754257
	-4975458037.744250
	-6229636122.902138
	-219787410393.685028
	-25469133763.879368
	-48392264381.998215
	-2164793418.624046
	-2700997271.614246
	-95786693951.087402
	-80345535953.440201
	-152638879771.965057
	-6592600857.447319
	-8174848033.911147
	-302093147593.888000
	-57964268444.814445
	-110279700263.733566
	-4907302583.588974
	-6012151694.885585
	-218502868526.725433
	-25218760615.818470
	-48023698802.522682
	-2152901374.862522
	-2615984574.778237
	-95222160279.367538
	-79544037257.804901
	-151470128767.504425
	-6516667565.245378
	-7843771468.622704
	-300338565048.699524
	-57377190571.170197
	-109404033955.575729
	-4870995299.254712
	-5775023697.424381
	-217178423593.009033
	-24960561292.034637
	-47633914344.112839
	-2124240195.660264
	-2520334660.393314
	-94647644175.719788
	-78732158917.283737
	-150225558137.566193
	-6410702038.915216
	-7584245528.022416
	-298337493924.957520
	-56774410912.044678
	-108474297773.334091
	-4753153709.196022
	-5596069806.900439
	-215677672863.140656
	-24697007252.114120
	-47222607054.987785
	-2087077734.455270
	-2448429800.249306
	-93964277567.672928
	-77895836749.234406
	-148928159959.618683
	-6295790420.043752
	-7316264742.226523
	-296109013634.688660
	-56169875388.681938
	-107525003838.879272
	-4633582277.167108
	-5404111798.263365
	-214056052473.662842
	-24431435666.782883
	-46804992066.994263
	-2059374212.041749
	-2354680005.559336
	-93211629260.929321
	-77055341050.064880
	-147610476822.543488
	-6191292336.149431
	-7160845733.519925
	-293969909596.342102
	-55547661464.723557
	-106550276699.412125
	-4628459370.565885
	-5289022452.109120
	-212449796649.402283
	-24155465476.628250
	-46373728558.055733
	-1993636012.558548
	-2283197046.403882
	-92526589023.020660
	-76169705076.247391
	-146231141934.417328
	-6077745676.439202
	-6815459435.716997
	-291640680783.362427
	-54904249545.568222
	-105527823046.411011
	-4446466093.791680
	-5059458867.927158
	-210818454088.966003
	-23873995062.648106
	-45916988766.856071
	-1947761848.346923
	-2205652212.488372
	-91799226963.146088
	-75280513392.057190
	-144789439063.239166
	-5843901913.324310
	-6728279940.884924
	-289263992486.949524
	-54241034587.581917
	-104462611747.509979
	-4466955715.504544
	-4980140847.964897
	-209047517948.585022
	-23579351325.770508
	-45445970378.056503
	-1922772022.543344
	-2153342872.886573
	-91024208399.016541
	-74351640283.328400
	-143295591650.754028
	-5904663530.730186
	-6543254388.800186
	-286729545300.199585
	-53557776877.311493
	-103360121672.657913
	-4427919135.899962
	-4886658875.496160
	-207190578302.200317
	-23276334150.017666
	-44957910382.609467
	-1918114219.042793
	-2104113780.526657
	-90170463063.062012
	-73379025338.098099
	-141736602359.907318
	-5837788205.622282
	-6354187760.074999
	-284052262856.446838
	-52838014308.478477
	-102200619580.146393
	-4238533410.508797
	-4655003031.514160
	-205151759688.786377
	-22958897305.250607
	-44449926510.564461
	-1842795982.329328
	-2006890470.030615
	-89281164651.791885
	-72383432061.436264
	-140142385268.103851
	-5706549319.966422
	-6076337415.514923
	-281236288054.577393
	-52115256498.803703
	-101045365436.658340
	-4318659814.879184
	-4510759076.376194
	-203101882643.341370
	-22641710647.512295
	-43935784550.397781
	-1887799268.289697
	-1966740176.157017
	-88410243382.853531
	-71374358516.101334
	-138504175174.468384
	-5660444162.481318
	-5950698311.001782
	-278316794810.491394
	-51368336822.124969
	-99825828278.687820
	-4202152654.681492
	-4354293859.314230
	-201021229376.608246
	-22312609991.224026
	-43395740163.847443
	-1808749221.090207
	-1854905756.936929
	-87460199334.224030
	-70327025433.623947
	-136786055601.382233
	-5436396764.814917
	-5589704696.821731
	-275493188776.790771
	-50610569752.781151
	-98550474555.244934
	-4000667583.948813
	-4004098853.889444
	-198895300276.869324
	-21985907756.135014
	-42832835836.209496
	-1732833516.625017
	-1756308990.546011
	-86488483344.895187
	-69295179946.765930
	-135010867761.321472
	-5235335643.752513
	-5309458111.893605
	-272309446436.464569
	-49860609166.760674
	-97268222195.251160
	-3902851055.197620
	-3850183188.623194
	-196643555271.728912
	-21656281511.073940
	-42269407951.663521
	-1686806004.701685
	-1685895085.951856
	-85534871734.677963
	-68261789794.322411
	-133234694883.992752
	-4998595499.354014
	-5052184745.311049
	-269166814241.843719
	-49116134117.734917
	-95962021449.233414
	-3704277801.627004
	-3732794916.816237
	-194331473082.948303
	-21329659452.551487
	-41698241092.317017
	-1608239806.690393
	-1613165466.202294
	-84486435900.081573
	-67229416026.324791
	-131422992578.838791
	-4777198937.068976
	-4812887492.079501
	-265829020737.713623
	-48369722462.267044
	-94651524785.792862
	-3542420982.769872
	-3601264751.145477
	-191886184875.922333
	-21001914042.999889
	-41124024652.516075
	-1548579612.915869
	-1585759643.590296
	-83476848905.267685
	-66190444609.723999
	-129606955004.401749
	-4596610006.893728
	-4770072652.446143
	-262605868380.369263
	-47603939866.791924
	-93332999902.778152
	-3489426573.242787
	-3541438476.841857
	-189470475379.563538
	-20664193426.201599
	-40546634545.304848
	-1521066568.476832
	-1542716875.168503
	-82387370716.159119
	-65119158123.004333
	-127777834242.181625
	-4644763526.904922
	-4610929576.380158
	-259189940639.228149
	-46819269117.511879
	-91974213387.347305
	-3500261118.612699
	-3363660187.401902
	-187036883876.572540
	-20319451872.453915
	-39947145379.592453
	-1524568868.001491
	-1456545326.824439
	-81314446159.516632
	-64027623854.830360
	-125865226348.608582
	-4592015374.755728
	-4419322842.549949
	-255659714417.816406
	-46025506620.755356
	-90582954693.982452
	-3370256794.491922
	-3230343624.229523
	-184517543439.587006
	-19974788802.385666
	-39335423698.635452
	-1508333391.600791
	-1411434776.221243
	-80218397006.119614
	-62939895351.239128
	-123929709604.574188
	-4477327597.103078
	-4330129264.508918
	-252208388294.314667
	-45229492069.004623
	-89157820037.574905
	-3305133504.755198
	-3227371267.602006
	-181890737804.635803
	-19619341634.327065
	-38705585781.919968
	-1417770587.649475
	-1423168737.651083
	-79059063423.059464
	-61809067872.811615
	-121948927225.928360
	-4280465859.365891
	-4280478002.011265
	-248556774522.693481
	-44396242921.727974
	-87712996935.651505
	-3179417297.198879
	-3119708876.783568
	-179275264958.792938
	-19256875707.088539
	-38070372747.469658
	-1392833737.637539
	-1362198330.981281
	-77876581627.202042
	-60662330529.942459
	-119940952887.422668
	-4196227853.979439
	-4097083877.430235
	-244925011494.636475
	-43560534135.403961
	-86231662260.043381
	-3086417583.186519
	-2945084045.624083
	-176553095934.836700
	-18892936006.218868
	-37424050259.662498
	-1336518006.807742
	-1260728096.884524
	-76705023703.640579
	-59515751701.879433
	-117894193490.712677
	-4121145219.981454
	-3767194245.131000
	-241014437373.056488
	-42732246202.411316
	-84745876886.517990
	-3017069744.049444
	-2768411198.417887
	-173681190301.758881
	-18532425305.853119
	-36772918033.763885
	-1314457959.869702
	-1190811969.156934
	-75430886600.535004
	-58378099132.347519
	-115830505165.047653
	-3873582118.103082
	-3566356021.534691
	-237074984156.627625
	-41912333974.530571
	-83264149302.194336
	-2834956421.301060
	-2614263978.420702
	-170890396359.742126
	-18174450977.557140
	-36125238619.275452
	-1245006941.256732
	-1162578313.093173
	-74222248884.584732
	-57238172030.077080
	-113794060887.208893
	-3639305299.127213
	-3453525575.927374
	-233332557720.859894
	-41080651156.711052
	-81775756369.120865
	-2679957875.083563
	-2519620042.684759
	-168217098651.609100
	-17809423990.377930
	-35473362205.008415
	-1167116636.960258
	-1094837552.725365
	-73043994717.257233
	-56089293982.736862
	-111723075757.120499
	-3575252062.773872
	-3292147860.385710
	-229401706681.522400
	-40249630098.066437
	-80266056029.685150
	-2596010212.391887
	-2495832685.373744
	-165385212581.792755
	-17444131899.217560
	-34808930890.119339
	-1124262920.631596
	-1043552744.213903
	-71806142842.374054
	-54937387021.538406
	-109627653107.686188
	-3353666287.073826
	-3141916507.621199
	-225432128345.376953
	-39415251332.113708
	-78748083579.726227
	-2533513558.336404
	-2320459704.785690
	-162430327134.562469
	-17081657098.528618
	-34146876310.168819
	-1112365524.679819
	-1001263336.507521
	-70533349145.696411
	-53787914419.239449
	-107537054169.241196
	-3281091376.901561
	-2993726972.381649
	-221509937553.537018
	-38579218011.556183
	-77225549666.097321
	-2474612805.030658
	-2268499287.237870
	-159603281252.603790
	-16715159611.849333
	-33477147136.819820
	-1071045473.804135
	-991202907.641000
	-69260200665.335876
	-52629828451.859047
	-105408704825.961655
	-3335560823.774273
	-2930977705.050385
	-217396895181.125671
	-37736266444.663780
	-75668241033.316254
	-2412761000.973963
	-2185986871.323750
	-156548355551.549408
	-16343109789.454144
	-32799081568.738934
	-1079905694.710290
	-944585177.496137
	-67947872189.969452
	-51447991304.267090
	-103271910082.251907
	-3334368793.461255
	-2858003864.873728
	-213348428594.839233
	-36872633801.207932
	-74111020015.750473
	-2466294045.089986
	-2113731677.885530
	-153564067125.602844
	-15967617471.563494
	-32116201667.320858
	-1081810006.296158
	-902551528.412176
	-66634348588.216652
	-50265054101.246582
	-101094856138.741455
	-3282060937.365540
	-2729650537.332949
	-209107915664.069336
	-36014178855.471275
	-72526431467.243607
	-2532637897.770241
	-1973713057.019787
	-150525915618.224518
	-15593174610.510677
	-31414051024.860157
	-1085577229.386948
	-860207769.222439
	-65293198690.604515
	-49084498932.926643
	-98886198597.475220
	-3215789160.407652
	-2571169656.375327
	-204863222193.946106
	-35162240605.685295
	-70923245207.469620
	-2366264429.550537
	-1811634247.553705
	-147454855706.335480
	-15225123408.955772
	-30717820401.014721
	-1015254341.887563
	-748543622.610349
	-63946239343.818237
	-47927298326.133186
	-96691020442.733139
	-3033613627.857015
	-2270746955.121377
	-200644707683.261993
	-34340854476.815475
	-69330521989.021378
	-2241105766.598906
	-1725479418.686664
	-144397104345.113007
	-14868740460.103184
	-30022863941.582050
	-955436213.891061
	-756647593.069732
	-62573668914.071152
	-46803319651.278175
	-94508717691.935898
	-2839880740.895508
	-2331585000.570987
	-196282069924.544891
	-33521225393.678299
	-67757821543.063858
	-2079530687.223326
	-1770074540.039596
	-141248387981.457855
	-14506517605.988152
	-29340588484.976849
	-895947463.923435
	-773388077.855024
	-61235660199.538452
	-45650357335.768402
	-92345288650.316757
	-2644378594.937500
	-2304418343.272734
	-192100092315.767029
	-32680236246.514801
	-66195201672.839661
	-1960832656.477170
	-1689206153.960310
	-138236370640.833832
	-14141196145.576473
	-28659377407.617336
	-859694350.420546
	-734521650.933212
	-59917859159.427940
	-44500859979.194344
	-90190779854.884659
	-2660547791.135349
	-2230331162.590471
	-187902879811.231384
	-31843206033.082676
	-64627617594.655136
	-1919140382.292604
	-1640899677.329835
	-135240892995.548645
	-13774994717.146214
	-27969731213.161701
	-850720028.607548
	-701790374.777931
	-58652782940.348694
	-43344309753.674095
	-88009887345.562042
	-2521360178.191977
	-2196405656.760663
	-183972252439.421265
	-31001172106.673882
	-63028516927.825310
	-1858890966.542057
	-1607252668.248245
	-132273325519.743210
	-13406861689.245628
	-27272408704.741383
	-810802917.889510
	-717929997.747149
	-57299672889.274590
	-42177455710.484673
	-85806253403.244736
	-2389915574.319701
	-2194840043.631083
	-179674051080.379517
	-30153858971.961945
	-61423256817.085732
	-1729411471.703947
	-1626514632.278288
	-129189518185.970383
	-13034647481.473795
	-26568769591.676334
	-757069945.676242
	-713297755.338887
	-55986262303.461044
	-40995600149.276230
	-83572592269.678360
	-2166187447.834561
	-2177284218.277669
	-175482309220.764221
	-29293067501.614639
	-59810143399.927429
	-1551417480.197851
	-1591990530.878360
	-126122063782.508209
	-12657614086.185184
	-25861425113.960621
	-671352832.654211
	-671859214.065919
	-54663871832.101509
	-39802318395.718399
	-81352421546.652130
	-1972260917.832664
	-1999258412.609238
	-171236123559.370331
	-28432720820.585415
	-58202358984.002296
	-1458796016.154610
	-1384309121.024837
	-123092484709.748016
	-12285999298.644470
	-25159935251.291531
	-620090479.401657
	-626050740.407717
	-53266834162.320518
	-38635713553.495087
	-79123856988.692596
	-1937885355.358774
	-1915281375.535705
	-166854444090.493744
	-27589538774.208950
	-56586147780.846397
	-1374015752.005573
	-1451428425.863044
	-119886200084.159561
	-11914724265.513865
	-24458127255.006927
	-592059910.131260
	-612631118.351787
	-51871657141.277672
	-37462998034.231705
	-76920929152.951584
	-1770126976.405718
	-1903335887.359910
	-162487680639.929962
	-26734012095.905769
	-54999668173.608788
	-1350053244.396551
	-1380179315.974397
	-116744058402.433395
	-11540596317.755981
	-23763783045.949852
	-569111333.576529
	-588210245.385161
	-50543194629.132133
	-36277097631.233627
	-74720949833.822754
	-1720654582.925157
	-1774085374.677825
	-158259985483.984894
	-25875120465.152748
	-53394495698.068695
	-1251497140.099357
	-1259403104.834511
	-113627149544.089432
	-11164813279.684208
	-23061173731.031151
	-536389252.917299
	-564644734.717075
	-49170716591.092239
	-35091352357.118515
	-72505581710.782104
	-1590741462.500213
	-1627024361.136434
	-153956981661.234009
	-25016929529.937229
	-51799475536.619385
	-1125103726.634188
	-1214672574.466138
	-110592237321.437820
	-10790924420.464067
	-22366365109.781815
	-490837814.162265
	-524303072.565481
	-47839531484.352753
	-33910338373.490963
	-70314802681.208237
	-1509091211.869792
	-1404375441.390914
	-149666929926.679169
	-24170083278.020054
	-50204530097.571220
	-1112540293.766755
	-1046735688.520042
	-107457146505.577423
	-10423954545.141857
	-21667249858.286709
	-470881299.087172
	-465634345.705454
	-46454078911.381233
	-32754814278.577511
	-68092542067.514435
	-1397964393.787545
	-1407917512.093302
	-145297273381.993896
	-23329860162.454155
	-48592325037.922028
	-1051930562.865601
	-1039990497.085782
	-104232616635.122009
	-10056778291.288986
	-20965912697.955395
	-474261838.279934
	-439669493.356834
	-45086944523.090599
	-31595620913.857941
	-65882796268.737534
	-1466919239.904046
	-1393000093.471527
	-140993655245.849243
	-22486821341.271069
	-46977596872.623436
	-1011268608.138061
	-1090265530.203964
	-101139802476.528641
	-9684001081.853569
	-20259410802.378613
	-457883753.245644
	-462087501.462647
	-43672750007.789337
	-30411356815.406750
	-63645996015.017044
	-1348713476.075851
	-1320299459.930017
	-136581942008.848999
	-21628083583.509090
	-45356895467.089005
	-976790437.658972
	-909303804.493381
	-97857896367.696548
	-9314831075.805496
	-19552696150.264950
	-453619599.279335
	-425292182.117653
	-42303872535.654274
	-29249117473.670219
	-61414988372.363686
	-1311430521.207951
	-1348657087.740092
	-132287547622.444870
	-20778515272.562920
	-43743130670.864288
	-1018438976.304807
	-1017997216.365449
	-94830563282.517899
	-8938992319.641596
	-18839092618.680210
	-439669852.580542
	-450360055.295805
	-40927980075.725060
	-28057075666.065361
	-59152929968.668961
	-1336502171.579921
	-1283070708.387065
	-127851197882.842728
	-19916777449.391369
	-42094807936.816681
	-981921228.722283
	-931478086.554242
	-91573569786.780350
	-8564244291.645383
	-18121713279.382992
	-404645630.952355
	-426734087.453736
	-39502928773.259094
	-26873858707.892323
	-56896715724.643135
	-1105152071.595650
	-1172272963.046102
	-123416432011.671143
	-19063103821.270046
	-40470190546.175568
	-787457785.847367
	-753580122.354973
	-88378964885.540588
	-8194989545.049502
	-17417508667.913383
	-348250913.433989
	-352457683.135625
	-38107782569.910370
	-25712709166.007290
	-54667041043.355507
	-1059118383.279003
	-1072776589.480574
	-118999634274.228760
	-18221344762.273232
	-38852730520.961594
	-828156802.216115
	-784874024.630862
	-85223628782.288498
	-7826180786.894526
	-16707946598.399664
	-357590348.739925
	-334650346.683873
	-36753276223.536980
	-24543792626.219601
	-52416048263.426857
	-1127078523.165264
	-1078166676.755010
	-114632294105.431351
	-17375986737.609329
	-37209975824.516434
	-797802770.919814
	-791686884.291834
	-81945594147.910965
	-7456551550.352536
	-15988833205.858822
	-354965823.063523
	-331472656.634477
	-35275331418.909431
	-23380236230.973076
	-50149882358.968254
	-1004240146.842684
	-992588428.757736
	-109969972912.982819
	-16538375063.056440
	-35581014273.247726
	-769150917.720242
	-732611390.529261
	-78655209773.218536
	-7092391663.083265
	-15276518280.317095
	-345627392.110683
	-328821082.291265
	-33874110468.430832
	-22230024467.221180
	-47897897456.934662
	-1001109675.596841
	-944457592.225169
	-105492605798.525192
	-15701516395.985853
	-33948096519.164772
	-740972089.550242
	-735411374.733116
	-75349659147.094788
	-6726610117.581484
	-14569530303.083689
	-321505674.578995
	-314325792.102056
	-32445372288.542671
	-21066508401.068909
	-45672296287.077957
	-1047340856.049764
	-869757344.997496
	-100936917413.797165
	-14864720716.288715
	-32344582905.610344
	-798255880.811962
	-692110527.121568
	-72057019732.729187
	-6361295722.407389
	-13868750990.633345
	-349496761.021905
	-289997550.007058
	-30946189270.536434
	-19921821198.989597
	-43453346190.978798
	-1095769299.563193
	-867825476.367223
	-96357036271.961792
	-14036637539.056458
	-30733136444.713757
	-791095134.561520
	-638964914.871336
	-68788459849.517029
	-6000611349.327698
	-13166891595.749908
	-361793143.327228
	-294670237.492417
	-29568564580.720913
	-18781495562.575096
	-41250059692.818253
	-1084068546.207842
	-814289338.622337
	-91945291237.300537
	-13212280201.637018
	-29140907271.080296
	-835936839.717268
	-601264391.245177
	-65685727437.783852
	-5642017720.667633
	-12466759016.598051
	-378736633.310299
	-272270545.184400
	-28212452977.000488
	-17650670739.964890
	-39024968423.502533
	-1091829627.280569
	-847270679.118249
	-87648328780.890930
	-12387905247.712088
	-27512358501.143700
	-760758801.365921
	-674216178.866494
	-62487036963.534195
	-5280568271.194094
	-11758179067.137245
	-336972864.821622
	-300979157.174114
	-26844342071.249527
	-16506110439.906515
	-36781400540.690117
	-915046563.541183
	-948071619.940458
	-83462667414.925095
	-11555674803.969028
	-25888975803.032116
	-706162681.561351
	-702944675.894186
	-59360805268.415115
	-4915743337.531837
	-11047136997.505671
	-317841926.091561
	-277149297.082540
	-25423293922.134411
	-15352178995.899763
	-34547500953.364685
	-1035404530.560501
	-824640141.888279
	-78795370942.167908
	-10726721988.193592
	-24272141230.456760
	-747971933.554278
	-643560416.252256
	-56111180357.798653
	-4555982588.377897
	-10337211568.637220
	-307110437.238149
	-300999244.183352
	-24040114164.347202
	-14217336921.552385
	-32300344749.311283
	-886672577.109860
	-895173814.774962
	-74430375161.144287
	-9898051629.791519
	-22642922829.620419
	-705569904.324842
	-655158999.060874
	-52907829875.707695
	-4193724469.367194
	-9629905582.152742
	-284571206.291472
	-270212136.616049
	-22646698342.414417
	-13070377113.942326
	-30064731859.519798
	-790960895.877601
	-826625760.531161
	-70062341228.283447
	-9069842118.711325
	-21027606270.215908
	-629407283.413406
	-654889380.065545
	-49714026859.212868
	-3829536452.540169
	-8925718066.152224
	-279915523.455089
	-296424923.893979
	-21259774140.184479
	-11921786863.649096
	-27836358696.740002
	-785675263.873212
	-852154482.482874
	-65579348722.809166
	-8239648907.557818
	-19409451671.489643
	-585491265.349849
	-590275161.534477
	-46454365094.770454
	-3471759620.550844
	-8221157478.504304
	-262124147.643508
	-254091102.861049
	-19821304347.642105
	-10787517931.401762
	-25617796269.118980
	-769559425.073894
	-788002363.104611
	-61136713651.843933
	-7422455603.609884
	-17805732664.944397
	-526391018.053948
	-591544025.457195
	-43266012074.125587
	-3114494034.078808
	-7522055774.546782
	-239091717.274642
	-276670594.783960
	-18412914581.213360
	-9663251131.441507
	-23411714463.354904
	-698405214.770477
	-781710975.703770
	-56692594901.013000
	-6605142351.157572
	-16211612253.873215
	-511155913.893499
	-579178003.020583
	-40021026091.420723
	-2758533123.774799
	-6826973611.692738
	-218450105.089718
	-270886877.144946
	-17010762083.178656
	-8536972072.263988
	-21207230261.968906
	-669654232.077262
	-665153236.739868
	-52298565291.725166
	-5801360013.740309
	-14620300179.078077
	-507423515.060523
	-529295678.531198
	-36795082205.831345
	-2409786058.029704
	-6132196565.429209
	-210027778.827328
	-219429462.310265
	-15629125982.873760
	-7445675776.421858
	-19025192211.719070
	-678279102.137670
	-648552390.503380
	-47985799940.773796
	-5011493617.726006
	-13034634455.401842
	-480850480.470887
	-509588087.739766
	-33757263534.042160
	-2065118073.999164
	-5434259396.428035
	-183819928.902860
	-238339018.009230
	-14269662353.043770
	-6357374530.968743
	-16818972160.991032
	-520966943.314741
	-719286701.847902
	-43618803900.952217
	-4226880145.308977
	-11440934222.059635
	-414559422.591624
	-466824432.553593
	-30588001769.194557
	-1727580691.158772
	-4744422497.814626
	-185396956.525583
	-202234080.900878
	-12881245362.012831
	-5297592535.623375
	-14632794138.457939
	-554176858.120623
	-623229679.236420
	-39219630419.731354
	-3474973156.894578
	-9847243869.144323
	-390527970.722660
	-430087088.091961
	-27321953387.292633
	-1404455095.345155
	-4048722992.736320
	-170500629.849079
	-196001390.567271
	-11472651158.344957
	-4283917389.706882
	-12427962784.943279
	-505741806.953318
	-586293520.123179
	-34686498837.246872
	-2760069361.500195
	-8268880802.838355
	-402443988.620417
	-423883546.453024
	-24014578375.215328
	-1096683749.782542
	-3366676568.559304
	-177805926.910720
	-186715773.140964
	-10003606057.618696
	-3320734480.813261
	-10299597768.379530
	-579221736.113796
	-421738525.469394
	-30125239275.348064
	-2092178420.183561
	-6746952936.288254
	-386828994.105779
	-286472500.273274
	-20741411662.216656
	-818085497.007865
	-2706571337.993122
	-180923449.344938
	-107348063.581490
	-8582706194.105103
	-2460196665.839652
	-8210980140.143192
	-461438558.704092
	-349697765.207867
	-25715284424.552368
	-1502589428.398908
	-5252447593.115996
	-367189665.983427
	-255335560.296873
	-17545623010.991112
	-568074714.676710
	-2064019386.688643
	-165250840.923543
	-97156031.565338
	-7177707184.410566
	-1682757694.699978
	-6192048998.386201
	-400176520.852189
	-316496127.808204
	-21127584380.462971
	-980136316.020391
	-3838332495.672630
	-304270498.129381
	-238605660.617434
	-14257477908.649837
	-356864234.815059
	-1462689742.569453
	-142310084.936986
	-98658255.570930
	-5731336254.355353
	-1039090288.217605
	-4331672310.944962
	-355997578.768062
	-254957769.302694
	-16554692449.224987
	-562630908.499502
	-2553679663.099015
	-283285016.829711
	-199556107.291872
	-10886195984.613152
	-192129793.494441
	-922860140.492396
	-119386268.984418
	-86313411.242025
	-4280740985.838651
	-542249358.661556
	-2661618926.234198
	-271818986.317269
	-211282140.373203
	-11974601535.700220
	-257606485.209030
	-1434056389.610904
	-188209152.000559
	-153118808.076046
	-7627556001.408499
	-77430874.787187
	-468070665.690631
	-88027136.701074
	-50997996.919591
	-2843392758.441888
	-207053861.862323
	-1282581180.559946
	-277708423.480110
	-110972338.658489
	-7448756442.344898
	-76691056.909741
	-563033464.064352
	-132697276.596052
	-88306233.473809
	-4284043452.402349
	-17295173.618831
	-143832387.953475
	-28171356.847215
	-32433354.475588
	-1440548113.971005
	-40145017.946227
	-333090366.291038
	-75341732.088708
	-55946070.094376
	-2990251976.358438
	-6130505.622934
	-71021510.980298
	-46439264.552157
	-24327940.040421
	-1074152713.555780
	-786539064116.276978
	-1507963429677.635742
	26670400397.551418
	31899109998.907803
	-3006560033824.196777
	24392959340.382969
	46758783180.898773
	-827049116.328070
	-1002654303.404150
	93228179195.968781
	77238988758.700058
	147845169681.140869
	-2689103044.365939
	-3112217403.264900
	294545599025.775085
	56392116914.638634
	107412482508.191162
	-2144369908.580824
	-2238045342.938391
	213510888676.941254
	24768110538.134926
	47005097168.736664
	-975105981.397118
	-917104000.376219
	93270749157.686508
	78428492394.799942
	148649982045.865784
	-3097409094.258224
	-2506735512.264409
	294776828320.402710
	57304766239.172798
	108086790216.467987
	-2334796445.388690
	-1597095858.904680
	213758074271.301636
	25175677397.557468
	47323543194.864723
	-1020826818.486707
	-530531316.499563
	93435193828.443253
	79702715205.195953
	149672894197.507996
	-3087434899.857989
	-993724911.998074
	295453650650.067017
	58221517381.299248
	108898272000.906311
	-2261746209.255610
	-385848436.934313
	214326086297.574280
	25565928658.697445
	47695403055.232620
	-964379099.920556
	2660707.435518
	93717937848.750183
	80930375447.768250
	150838131700.983612
	-2772225854.284775
	593807534.453621
	296524720974.391724
	59072447786.427696
	109774129024.080688
	-1981617497.347463
	905231858.754478
	215171305696.309753
	25921842606.060028
	48086395638.405022
	-815889255.925431
	536580372.151832
	94095337714.267838
	82032011495.447800
	152055950877.965454
	-2283957659.920546
	2261992168.153448
	297768288539.254700
	59846233709.088890
	110676538563.490616
	-1510988745.107593
	2050115649.644308
	216101163211.160828
	26245611074.096924
	48482852048.097282
	-578392433.869044
	1053062900.886398
	94569008693.814560
	83034779225.012573
	153280017947.003265
	-1400072424.800455
	3739340979.618864
	299238422542.959351
	60525048634.744629
	111548009873.596558
	-877595177.687852
	3126727108.045447
	217272772741.813568
	26528910425.332729
	48853901235.460289
	-300742797.724142
	1560144876.686858
	95061958985.641861
	83907103941.588882
	154424242539.021851
	-606499813.465188
	5345884242.112453
	300825436943.614685
	61081671756.254059
	112360876725.405930
	-242899441.971562
	4292986453.571721
	218424490495.783813
	26746225164.082069
	49194494521.578682
	-26347782.650474
	1999377305.205851
	95546961982.557541
	84576715008.823425
	155473427501.991058
	215437558.674318
	6488201836.482213
	302474466190.928528
	61515134030.313652
	113093412301.408173
	397061419.322220
	5147169197.062605
	219675744997.204529
	26919162306.867626
	49500207918.935463
	245115518.941003
	2361808823.822637
	96110676784.217575
	85087203385.864716
	156404795049.391998
	1134906926.137900
	7463368940.759058
	304133495540.657471
	61832824116.550941
	113707250330.193817
	1069436776.024197
	5742308318.293874
	220745291146.276703
	27039148890.654240
	49744180702.126068
	573411947.044754
	2584837840.372017
	96525454988.658554
	85448542531.031494
	157159383034.470703
	2012339113.965893
	8197571567.360699
	305422436017.745056
	62042370001.676178
	114201230173.824371
	1772487992.274016
	6232851460.070253
	221667420958.438782
	27113766706.467503
	49948655845.717529
	858531496.566746
	2785655734.265547
	96940164484.714462
	85685103929.519455
	157768275712.594177
	2952545747.170703
	8679089739.940847
	306745907559.240601
	62171773638.727577
	114572709273.148651
	2396055497.575264
	6603140725.353827
	222538064566.367706
	27159061834.813263
	50082199470.213257
	1105573798.965872
	2980351896.837868
	97275674074.614548
	85798150368.348724
	158163564710.936554
	3581459231.733738
	9256843598.349331
	307656617194.846985
	62205696521.776100
	114815395121.609344
	2801297103.394604
	7015834555.615606
	223181559503.657898
	27159182587.170517
	50173701066.616493
	1284239209.488468
	3103887213.118474
	97543177756.984329
	85780327357.595688
	158440235448.065155
	4117604588.256012
	9554069105.372253
	308441930912.215210
	62153022118.280952
	114962753379.064651
	3210892493.084546
	7201616272.121622
	223664799045.899048
	27121526178.884407
	50218896597.240044
	1465557549.158451
	3166628012.254455
	97719679913.830338
	85652718166.264832
	158551687015.578705
	4588268814.950073
	9705690815.884470
	308992058636.383240
	62019750636.894676
	114993806310.706528
	3563321957.464574
	7299961854.792755
	224081038051.232544
	27050260393.047432
	50218582951.536331
	1622443630.648975
	3197207320.508564
	97886513847.080093
	85411788570.230682
	158529128100.668579
	4942801632.670938
	9713980855.219931
	309359345525.535156
	61817478564.914879
	114919935208.844025
	3809785877.605171
	7252705650.689842
	224253762305.345947
	26955366902.658245
	50169494743.882767
	1715190309.728874
	3169749449.622072
	97959551403.348770
	85102725767.810699
	158368945136.778931
	5311691602.765698
	9630868415.376499
	309472971169.048706
	61568249773.146912
	114759378667.046921
	4102454657.866628
	7170521718.195279
	224289863469.481171
	26839000077.220032
	50084298068.177818
	1847722527.901092
	3116122959.131138
	97916350482.536530
	84729250270.691360
	158085388852.406708
	5689300059.271100
	9451128058.324108
	309269384087.895020
	61278333613.596718
	114504772916.937653
	4307034811.661051
	7025721991.022748
	224088996070.213165
	26706550321.928051
	49960132843.057388
	1919913104.345769
	3051338104.004034
	97821942067.106796
	84299644760.655243
	157672022666.961975
	5888543120.958845
	9321740306.065536
	308864256466.148682
	60947066259.285973
	114172636254.036667
	4460766056.990567
	6915154126.300572
	223727580284.072754
	26554883590.949081
	49804979382.418983
	1998111506.914649
	3022916677.615741
	97656939305.970734
	83809407346.980438
	157172372867.216278
	6207662357.610623
	9207284318.589758
	308467908632.589600
	60564071404.744217
	113763696447.395370
	4697956044.401127
	6831429929.886987
	223329802261.190063
	26382450347.982227
	49607799740.373199
	2115260058.749834
	2987234229.465962
	97464483470.714447
	83248666294.788818
	156531952256.220245
	6580667871.217809
	9161985683.832911
	307597459681.307800
	60128010229.463112
	113238896629.503662
	5019927531.163647
	6848288539.207506
	222740196679.410248
	26179635584.080135
	49354459652.637367
	2173496329.593698
	2976970778.958662
	97135763799.265152
	82595945732.943909
	155708282028.716766
	6746613069.286385
	9018903288.565422
	306551914497.787231
	59628471112.967484
	112598533870.575485
	5006060515.579624
	6638188579.171664
	221917068950.883911
	25958256924.146156
	49066593558.852486
	2165174513.918560
	2885052994.240798
	96774396438.639984
	81889689339.909027
	154794915229.966858
	6667627472.607170
	8809968469.338076
	305305712080.812378
	59094953390.101852
	111897293557.383698
	5030852727.187148
	6517334365.872003
	220889402073.136841
	25717833888.303562
	48747443206.860214
	2247807645.251313
	2824330231.415211
	96313909704.908798
	81132704803.729294
	153759336795.544067
	6819738476.100406
	8530611581.232260
	303745991961.378723
	58531423756.642235
	111107747763.754257
	4975458037.744247
	6229636122.902137
	219787410393.685028
	25469133763.879360
	48392264381.998222
	2164793418.624040
	2700997271.614243
	95786693951.087387
	80345535953.440201
	152638879771.965057
	6592600857.447314
	8174848033.911150
	302093147593.888062
	57964268444.814430
	110279700263.733566
	4907302583.588971
	6012151694.885581
	218502868526.725433
	25218760615.818466
	48023698802.522682
	2152901374.862512
	2615984574.778237
	95222160279.367523
	79544037257.804901
	151470128767.504395
	6516667565.245377
	7843771468.622701
	300338565048.699585
	57377190571.170174
	109404033955.575729
	4870995299.254708
	5775023697.424377
	217178423593.009033
	24960561292.034630
	47633914344.112823
	2124240195.660262
	2520334660.393312
	94647644175.719772
	78732158917.283737
	150225558137.566193
	6410702038.915218
	7584245528.022414
	298337493924.957520
	56774410912.044655
	108474297773.334076
	4753153709.196022
	5596069806.900436
	215677672863.140656
	24697007252.114113
	47222607054.987770
	2087077734.455264
	2448429800.249302
	93964277567.672928
	77895836749.234406
	148928159959.618683
	6295790420.043753
	7316264742.226522
	296109013634.688660
	56169875388.681938
	107525003838.879272
	4633582277.167109
	5404111798.263362
	214056052473.662842
	24431435666.782890
	46804992066.994278
	2059374212.041750
	2354680005.559335
	93211629260.929352
	77055341050.064865
	147610476822.543457
	6191292336.149431
	7160845733.519925
	293969909596.342102
	55547661464.723534
	106550276699.412125
	4628459370.565885
	5289022452.109117
	212449796649.402344
	24155465476.628246
	46373728558.055725
	1993636012.558541
	2283197046.403879
	92526589023.020645
	76169705076.247391
	146231141934.417297
	6077745676.439200
	6815459435.716994
	291640680783.362427
	54904249545.568222
	105527823046.411011
	4446466093.791678
	5059458867.927156
	210818454088.966003
	23873995062.648102
	45916988766.856056
	1947761848.346920
	2205652212.488369
	91799226963.146072
	75280513392.057190
	144789439063.239166
	5843901913.324310
	6728279940.884926
	289263992486.949524
	54241034587.581909
	104462611747.509979
	4466955715.504543
	4980140847.964895
	209047517948.584991
	23579351325.770512
	45445970378.056480
	1922772022.543344
	2153342872.886575
	91024208399.016510
	74351640283.328400
	143295591650.753967
	5904663530.730182
	6543254388.800184
	286729545300.199585
	53557776877.311462
	103360121672.657944
	4427919135.899961
	4886658875.496160
	207190578302.200348
	23276334150.017666
	44957910382.609467
	1918114219.042791
	2104113780.526655
	90170463063.062012
	73379025338.098114
	141736602359.907288
	5837788205.622283
	6354187760.075001
	284052262856.446838
	52838014308.478432
	102200619580.146347
	4238533410.508794
	4655003031.514157
	205151759688.786377
	22958897305.250618
	44449926510.564476
	1842795982.329324
	2006890470.030612
	89281164651.791901
	72383432061.436264
	140142385268.103851
	5706549319.966420
	6076337415.514921
	281236288054.577454
	52115256498.803703
	101045365436.658340
	4318659814.879180
	4510759076.376191
	203101882643.341370
	22641710647.512291
	43935784550.397743
	1887799268.289693
	1966740176.157015
	88410243382.853516
	71374358516.101349
	138504175174.468353
	5660444162.481316
	5950698311.001782
	278316794810.491394
	51368336822.124908
	99825828278.687820
	4202152654.681489
	4354293859.314227
	201021229376.608276
	22312609991.224018
	43395740163.847435
	1808749221.090204
	1854905756.936923
	87460199334.224030
	70327025433.623947
	136786055601.382263
	5436396764.814916
	5589704696.821728
	275493188776.790771
	50610569752.781143
	98550474555.244934
	4000667583.948814
	4004098853.889441
	198895300276.869324
	21985907756.135014
	42832835836.209488
	1732833516.625016
	1756308990.546009
	86488483344.895172
	69295179946.765930
	135010867761.321472
	5235335643.752513
	5309458111.893606
	272309446436.464569
	49860609166.760681
	97268222195.251160
	3902851055.197621
	3850183188.623194
	196643555271.728943
	21656281511.073936
	42269407951.663528
	1686806004.701682
	1685895085.951850
	85534871734.677948
	68261789794.322411
	133234694883.992737
	4998595499.354017
	5052184745.311049
	269166814241.843719
	49116134117.734909
	95962021449.233414
	3704277801.627006
	3732794916.816237
	194331473082.948303
	21329659452.551502
	41698241092.317017
	1608239806.690396
	1613165466.202295
	84486435900.081589
	67229416026.324783
	131422992578.838745
	4777198937.068976
	4812887492.079502
	265829020737.713715
	48369722462.267029
	94651524785.792709
	3542420982.769860
	3601264751.145477
	191886184875.922302
	21001914042.999893
	41124024652.516090
	1548579612.915857
	1585759643.590290
	83476848905.267654
	66190444609.723976
	129606955004.401749
	4596610006.893722
	4770072652.446141
	262605868380.369263
	47603939866.791908
	93332999902.778152
	3489426573.242783
	3541438476.841856
	189470475379.563538
	20664193426.201595
	40546634545.304855
	1521066568.476826
	1542716875.168501
	82387370716.159119
	65119158123.004356
	127777834242.181641
	4644763526.904917
	4610929576.380158
	259189940639.228149
	46819269117.511864
	91974213387.347336
	3500261118.612697
	3363660187.401902
	187036883876.572540
	20319451872.453922
	39947145379.592468
	1524568868.001501
	1456545326.824442
	81314446159.516617
	64027623854.830345
	125865226348.608597
	4592015374.755730
	4419322842.549950
	255659714417.816406
	46025506620.755371
	90582954693.982452
	3370256794.491929
	3230343624.229528
	184517543439.587036
	19974788802.385651
	39335423698.635452
	1508333391.600791
	1411434776.221242
	80218397006.119598
	62939895351.239128
	123929709604.574188
	4477327597.103074
	4330129264.508918
	252208388294.314667
	45229492069.004623
	89157820037.574905
	3305133504.755198
	3227371267.602006
	181890737804.635803
	19619341634.327057
	38705585781.919952
	1417770587.649479
	1423168737.651082
	79059063423.059448
	61809067872.811592
	121948927225.928375
	4280465859.365894
	4280478002.011264
	248556774522.693420
	44396242921.727982
	87712996935.651489
	3179417297.198883
	3119708876.783569
	179275264958.792969
	19256875707.088581
	38070372747.469666
	1392833737.637540
	1362198330.981281
	77876581627.202026
	60662330529.942451
	119940952887.422684
	4196227853.979442
	4097083877.430235
	244925011494.636475
	43560534135.403961
	86231662260.043381
	3086417583.186520
	2945084045.624084
	176553095934.836670
	18892936006.218861
	37424050259.662506
	1336518006.807745
	1260728096.884522
	76705023703.640579
	59515751701.879433
	117894193490.712723
	4121145219.981457
	3767194245.131000
	241014437373.056488
	42732246202.411316
	84745876886.517975
	3017069744.049447
	2768411198.417886
	173681190301.758881
	18532425305.853115
	36772918033.763878
	1314457959.869703
	1190811969.156934
	75430886600.534988
	58378099132.347519
	115830505165.047653
	3873582118.103088
	3566356021.534690
	237074984156.627594
	41912333974.530586
	83264149302.194321
	2834956421.301061
	2614263978.420702
	170890396359.742126
	18174450977.557137
	36125238619.275436
	1245006941.256729
	1162578313.093170
	74222248884.584717
	57238172030.077042
	113794060887.208893
	3639305299.127214
	3453525575.927370
	233332557720.859894
	41080651156.711052
	81775756369.120865
	2679957875.083568
	2519620042.684754
	168217098651.609070
	17809423990.377911
	35473362205.008400
	1167116636.960257
	1094837552.725361
	73043994717.257202
	56089293982.736877
	111723075757.120499
	3575252062.773871
	3292147860.385702
	229401706681.522400
	40249630098.066444
	80266056029.685150
	2596010212.391885
	2495832685.373742
	165385212581.792755
	17444131899.217567
	34808930890.119339
	1124262920.631604
	1043552744.213906
	71806142842.374039
	54937387021.538406
	109627653107.686157
	3353666287.073822
	3141916507.621197
	225432128345.376953
	39415251332.113724
	78748083579.726212
	2533513558.336399
	2320459704.785690
	162430327134.562439
	17081657098.528625
	34146876310.168812
	1112365524.679815
	1001263336.507520
	70533349145.696411
	53787914419.239464
	107537054169.241196
	3281091376.901556
	2993726972.381646
	221509937553.537018
	38579218011.556190
	77225549666.097321
	2474612805.030654
	2268499287.237870
	159603281252.603790
	16715159611.849342
	33477147136.819820
	1071045473.804130
	991202907.641004
	69260200665.335876
	52629828451.859055
	105408704825.961670
	3335560823.774269
	2930977705.050384
	217396895181.125671
	37736266444.663780
	75668241033.316254
	2412761000.973961
	2185986871.323748
	156548355551.549408
	16343109789.454155
	32799081568.738945
	1079905694.710287
	944585177.496136
	67947872189.969437
	51447991304.267097
	103271910082.251907
	3334368793.461250
	2858003864.873725
	213348428594.839233
	36872633801.207939
	74111020015.750504
	2466294045.089986
	2113731677.885531
	153564067125.602844
	15967617471.563499
	32116201667.320854
	1081810006.296149
	902551528.412175
	66634348588.216644
	50265054101.246582
	101094856138.741425
	3282060937.365538
	2729650537.332950
	209107915664.069275
	36014178855.471275
	72526431467.243622
	2532637897.770241
	1973713057.019786
	150525915618.224487
	15593174610.510681
	31414051024.860157
	1085577229.386946
	860207769.222439
	65293198690.604515
	49084498932.926643
	98886198597.475220
	3215789160.407650
	2571169656.375326
	204863222193.946106
	35162240605.685287
	70923245207.469650
	2366264429.550537
	1811634247.553705
	147454855706.335449
	15225123408.955765
	30717820401.014717
	1015254341.887566
	748543622.610351
	63946239343.818237
	47927298326.133202
	96691020442.733124
	3033613627.857014
	2270746955.121377
	200644707683.261993
	34340854476.815479
	69330521989.021378
	2241105766.598904
	1725479418.686663
	144397104345.112976
	14868740460.103191
	30022863941.582039
	955436213.891059
	756647593.069733
	62573668914.071152
	46803319651.278175
	94508717691.935898
	2839880740.895507
	2331585000.570988
	196282069924.544861
	33521225393.678303
	67757821543.063843
	2079530687.223325
	1770074540.039597
	141248387981.457886
	14506517605.988146
	29340588484.976849
	895947463.923436
	773388077.855024
	61235660199.538437
	45650357335.768402
	92345288650.316757
	2644378594.937498
	2304418343.272734
	192100092315.767029
	32680236246.514805
	66195201672.839661
	1960832656.477168
	1689206153.960310
	138236370640.833832
	14141196145.576475
	28659377407.617329
	859694350.420543
	734521650.933212
	59917859159.427925
	44500859979.194336
	90190779854.884659
	2660547791.135349
	2230331162.590471
	187902879811.231354
	31843206033.082680
	64627617594.655159
	1919140382.292604
	1640899677.329836
	135240892995.548615
	13774994717.146225
	27969731213.161690
	850720028.607546
	701790374.777922
	58652782940.348686
	43344309753.674103
	88009887345.562042
	2521360178.191976
	2196405656.760663
	183972252439.421265
	31001172106.673882
	63028516927.825317
	1858890966.542054
	1607252668.248244
	132273325519.743179
	13406861689.245630
	27272408704.741371
	810802917.889510
	717929997.747149
	57299672889.274597
	42177455710.484673
	85806253403.244736
	2389915574.319701
	2194840043.631085
	179674051080.379517
	30153858971.961956
	61423256817.085747
	1729411471.703947
	1626514632.278288
	129189518185.970383
	13034647481.473791
	26568769591.676331
	757069945.676240
	713297755.338887
	55986262303.461037
	40995600149.276230
	83572592269.678345
	2166187447.834561
	2177284218.277669
	175482309220.764252
	29293067501.614639
	59810143399.927437
	1551417480.197851
	1591990530.878361
	126122063782.508209
	12657614086.185188
	25861425113.960621
	671352832.654211
	671859214.065920
	54663871832.101509
	39802318395.718391
	81352421546.652130
	1972260917.832664
	1999258412.609236
	171236123559.370300
	28432720820.585415
	58202358984.002304
	1458796016.154610
	1384309121.024837
	123092484709.747986
	12285999298.644470
	25159935251.291531
	620090479.401657
	626050740.407718
	53266834162.320503
	38635713553.495087
	79123856988.692627
	1937885355.358775
	1915281375.535705
	166854444090.493744
	27589538774.208950
	56586147780.846405
	1374015752.005573
	1451428425.863044
	119886200084.159531
	11914724265.513870
	24458127255.006912
	592059910.131261
	612631118.351787
	51871657141.277657
	37462998034.231705
	76920929152.951569
	1770126976.405719
	1903335887.359910
	162487680639.929962
	26734012095.905792
	54999668173.608810
	1350053244.396552
	1380179315.974399
	116744058402.433365
	11540596317.755983
	23763783045.949848
	569111333.576531
	588210245.385162
	50543194629.132133
	36277097631.233620
	74720949833.822784
	1720654582.925158
	1774085374.677826
	158259985483.984894
	25875120465.152740
	53394495698.068695
	1251497140.099358
	1259403104.834512
	113627149544.089417
	11164813279.684223
	23061173731.031143
	536389252.917299
	564644734.717076
	49170716591.092232
	35091352357.118515
	72505581710.782104
	1590741462.500213
	1627024361.136434
	153956981661.234039
	25016929529.937237
	51799475536.619370
	1125103726.634187
	1214672574.466139
	110592237321.437805
	10790924420.464062
	22366365109.781815
	490837814.162265
	524303072.565484
	47839531484.352753
	33910338373.490959
	70314802681.208237
	1509091211.869790
	1404375441.390915
	149666929926.679169
	24170083278.020058
	50204530097.571220
	1112540293.766755
	1046735688.520041
	107457146505.577408
	10423954545.141851
	21667249858.286716
	470881299.087171
	465634345.705455
	46454078911.381233
	32754814278.577511
	68092542067.514435
	1397964393.787544
	1407917512.093302
	145297273381.993896
	23329860162.454155
	48592325037.922043
	1051930562.865601
	1039990497.085782
	104232616635.122009
	10056778291.288980
	20965912697.955391
	474261838.279933
	439669493.356832
	45086944523.090599
	31595620913.857948
	65882796268.737549
	1466919239.904046
	1393000093.471527
	140993655245.849243
	22486821341.271069
	46977596872.623436
	1011268608.138060
	1090265530.203965
	101139802476.528625
	9684001081.853567
	20259410802.378613
	457883753.245644
	462087501.462647
	43672750007.789337
	30411356815.406750
	63645996015.017044
	1348713476.075850
	1320299459.930016
	136581942008.848999
	21628083583.509090
	45356895467.088997
	976790437.658971
	909303804.493381
	97857896367.696548
	9314831075.805500
	19552696150.264950
	453619599.279334
	425292182.117651
	42303872535.654266
	29249117473.670219
	61414988372.363678
	1311430521.207950
	1348657087.740092
	132287547622.444870
	20778515272.562923
	43743130670.864288
	1018438976.304808
	1017997216.365448
	94830563282.517883
	8938992319.641596
	18839092618.680202
	439669852.580541
	450360055.295804
	40927980075.725052
	28057075666.065369
	59152929968.668961
	1336502171.579921
	1283070708.387065
	127851197882.842728
	19916777449.391376
	42094807936.816673
	981921228.722283
	931478086.554242
	91573569786.780350
	8564244291.645380
	18121713279.382988
	404645630.952354
	426734087.453737
	39502928773.259087
	26873858707.892323
	56896715724.643135
	1105152071.595649
	1172272963.046102
	123416432011.671143
	19063103821.270050
	40470190546.175568
	787457785.847366
	753580122.354973
	88378964885.540573
	8194989545.049500
	17417508667.913391
	348250913.433989
	352457683.135625
	38107782569.910370
	25712709166.007290
	54667041043.355507
	1059118383.279004
	1072776589.480573
	118999634274.228760
	18221344762.273235
	38852730520.961601
	828156802.216116
	784874024.630861
	85223628782.288483
	7826180786.894529
	16707946598.399656
	357590348.739925
	334650346.683870
	36753276223.536980
	24543792626.219604
	52416048263.426857
	1127078523.165264
	1078166676.755010
	114632294105.431351
	17375986737.609329
	37209975824.516434
	797802770.919813
	791686884.291833
	81945594147.910965
	7456551550.352536
	15988833205.858828
	354965823.063523
	331472656.634477
	35275331418.909431
	23380236230.973076
	50149882358.968246
	1004240146.842682
	992588428.757736
	109969972912.982819
	16538375063.056446
	35581014273.247726
	769150917.720241
	732611390.529261
	78655209773.218536
	7092391663.083265
	15276518280.317095
	345627392.110682
	328821082.291264
	33874110468.430832
	22230024467.221176
	47897897456.934654
	1001109675.596841
	944457592.225169
	105492605798.525192
	15701516395.985857
	33948096519.164772
	740972089.550238
	735411374.733116
	75349659147.094772
	6726610117.581484
	14569530303.083693
	321505674.578995
	314325792.102057
	32445372288.542671
	21066508401.068913
	45672296287.077965
	1047340856.049765
	869757344.997496
	100936917413.797165
	14864720716.288721
	32344582905.610332
	798255880.811961
	692110527.121569
	72057019732.729172
	6361295722.407391
	13868750990.633347
	349496761.021903
	289997550.007059
	30946189270.536434
	19921821198.989597
	43453346190.978798
	1095769299.563192
	867825476.367223
	96357036271.961792
	14036637539.056458
	30733136444.713757
	791095134.561517
	638964914.871336
	68788459849.517029
	6000611349.327695
	13166891595.749908
	361793143.327228
	294670237.492417
	29568564580.720913
	18781495562.575100
	41250059692.818260
	1084068546.207841
	814289338.622337
	91945291237.300537
	13212280201.637018
	29140907271.080296
	835936839.717268
	601264391.245177
	65685727437.783836
	5642017720.667635
	12466759016.598049
	378736633.310300
	272270545.184399
	28212452977.000488
	17650670739.964893
	39024968423.502525
	1091829627.280569
	847270679.118249
	87648328780.890945
	12387905247.712090
	27512358501.143707
	760758801.365922
	674216178.866494
	62487036963.534203
	5280568271.194095
	11758179067.137247
	336972864.821622
	300979157.174114
	26844342071.249527
	16506110439.906519
	36781400540.690125
	915046563.541183
	948071619.940458
	83462667414.925110
	11555674803.969028
	25888975803.032124
	706162681.561352
	702944675.894186
	59360805268.415115
	4915743337.531837
	11047136997.505669
	317841926.091564
	277149297.082540
	25423293922.134407
	15352178995.899763
	34547500953.364685
	1035404530.560503
	824640141.888279
	78795370942.167923
	10726721988.193592
	24272141230.456760
	747971933.554278
	643560416.252257
	56111180357.798653
	4555982588.377897
	10337211568.637215
	307110437.238150
	300999244.183353
	24040114164.347202
	14217336921.552385
	32300344749.311279
	886672577.109861
	895173814.774962
	74430375161.144287
	9898051629.791519
	22642922829.620415
	705569904.324843
	655158999.060875
	52907829875.707695
	4193724469.367194
	9629905582.152742
	284571206.291479
	270212136.616050
	22646698342.414417
	13070377113.942326
	30064731859.519794
	790960895.877603
	826625760.531162
	70062341228.283463
	9069842118.711325
	21027606270.215900
	629407283.413406
	654889380.065546
	49714026859.212860
	3829536452.540157
	8925718066.152220
	279915523.455090
	296424923.893979
	21259774140.184483
	11921786863.649097
	27836358696.740002
	785675263.873213
	852154482.482874
	65579348722.809174
	8239648907.557820
	19409451671.489647
	585491265.349849
	590275161.534477
	46454365094.770454
	3471759620.550846
	8221157478.504304
	262124147.643508
	254091102.861049
	19821304347.642105
	10787517931.401758
	25617796269.118969
	769559425.073894
	788002363.104611
	61136713651.843933
	7422455603.609886
	17805732664.944397
	526391018.053948
	591544025.457196
	43266012074.125595
	3114494034.078809
	7522055774.546782
	239091717.274642
	276670594.783960
	18412914581.213360
	9663251131.441505
	23411714463.354904
	698405214.770477
	781710975.703770
	56692594901.013016
	6605142351.157582
	16211612253.873219
	511155913.893499
	579178003.020584
	40021026091.420715
	2758533123.774798
	6826973611.692734
	218450105.089718
	270886877.144947
	17010762083.178659
	8536972072.263980
	21207230261.968903
	669654232.077262
	665153236.739868
	52298565291.725166
	5801360013.740311
	14620300179.078075
	507423515.060522
	529295678.531198
	36795082205.831345
	2409786058.029706
	6132196565.429208
	210027778.827328
	219429462.310265
	15629125982.873760
	7445675776.421858
	19025192211.719063
	678279102.137670
	648552390.503380
	47985799940.773811
	5011493617.726005
	13034634455.401840
	480850480.470887
	509588087.739766
	33757263534.042160
	2065118073.999165
	5434259396.428029
	183819928.902859
	238339018.009229
	14269662353.043774
	6357374530.968743
	16818972160.991035
	520966943.314741
	719286701.847902
	43618803900.952232
	4226880145.308977
	11440934222.059633
	414559422.591623
	466824432.553593
	30588001769.194557
	1727580691.158772
	4744422497.814625
	185396956.525583
	202234080.900878
	12881245362.012831
	5297592535.623376
	14632794138.457935
	554176858.120623
	623229679.236420
	39219630419.731361
	3474973156.894580
	9847243869.144325
	390527970.722660
	430087088.091961
	27321953387.292637
	1404455095.345157
	4048722992.736320
	170500629.849080
	196001390.567271
	11472651158.344957
	4283917389.706882
	12427962784.943277
	505741806.953318
	586293520.123180
	34686498837.246880
	2760069361.500195
	8268880802.838355
	402443988.620417
	423883546.453022
	24014578375.215324
	1096683749.782542
	3366676568.559303
	177805926.910720
	186715773.140964
	10003606057.618696
	3320734480.813256
	10299597768.379526
	579221736.113796
	421738525.469395
	30125239275.348072
	2092178420.183569
	6746952936.288254
	386828994.105779
	286472500.273275
	20741411662.216652
	818085497.007865
	2706571337.993122
	180923449.344939
	107348063.581491
	8582706194.105104
	2460196665.839653
	8210980140.143192
	461438558.704092
	349697765.207867
	25715284424.552368
	1502589428.398908
	5252447593.115997
	367189665.983427
	255335560.296873
	17545623010.991112
	568074714.676711
	2064019386.688642
	165250840.923543
	97156031.565338
	7177707184.410567
	1682757694.699978
	6192048998.386199
	400176520.852189
	316496127.808204
	21127584380.462975
	980136316.020391
	3838332495.672631
	304270498.129381
	238605660.617434
	14257477908.649841
	356864234.815060
	1462689742.569453
	142310084.936986
	98658255.570931
	5731336254.355353
	1039090288.217605
	4331672310.944961
	355997578.768062
	254957769.302695
	16554692449.224991
	562630908.499502
	2553679663.099014
	283285016.829712
	199556107.291873
	10886195984.613153
	192129793.494441
	922860140.492396
	119386268.984418
	86313411.242025
	4280740985.838651
	542249358.661556
	2661618926.234198
	271818986.317269
	211282140.373203
	11974601535.700220
	257606485.209030
	1434056389.610904
	188209152.000559
	153118808.076047
	7627556001.408499
	77430874.787187
	468070665.690630
	88027136.701075
	50997996.919591
	2843392758.441888
	207053861.862323
	1282581180.559946
	277708423.480110
	110972338.658489
	7448756442.344900
	76691056.909741
	563033464.064352
	132697276.596052
	88306233.473809
	4284043452.402349
	17295173.618831
	143832387.953475
	28171356.847215
	32433354.475589
	1440548113.971005
	40145017.946227
	333090366.291038
	75341732.088708
	55946070.094376
	2990251976.358438
	6130505.622934
	71021510.980298
	46439264.552157
	24327940.040421
	1074152713.555781
	105084881063.509369
	-120552617858.524536
	108110344965.972427
	-121157068161.603317
