	1
	9
	17
	22
	27
	35
	43
	48
	53
	61
	69
	74
	79
	87
	95
	100
	105
	113
	121
	126
	131
	139
	147
	152
	157
	165
	173
	178
	183
	191
	199
	204
	209
	217
	225
	230
	235
	243
	251
	256
	261
	269
	277
	282
	287
	295
	303
	308
	313
	321
	329
	334
	339
	347
	355
	360
	365
	373
	381
	386
	391
	399
	407
	412
	417
	425
	433
	438
	443
	451
	459
	464
	469
	477
	485
	490
	495
	503
	511
	516
	521
	529
	537
	542
	547
	555
	563
	568
	573
	581
	589
	594
	599
	607
	615
	620
	625
	633
	641
	646
	651
	659
	667
	672
	677
	685
	693
	698
	703
	711
	719
	724
	729
	737
	745
	750
	755
	763
	771
	776
	781
	789
	797
	802
	807
	815
	823
	828
	833
	841
	849
	854
	859
	867
	875
	880
	885
	893
	901
	906
	911
	919
	927
	932
	937
	945
	953
	958
	963
	971
	979
	984
	989
	997
	1005
	1010
	1015
	1023
	1031
	1036
	1041
	1049
	1057
	1062
	1067
	1075
	1083
	1088
	1093
	1101
	1109
	1114
	1119
	1127
	1135
	1140
	1145
	1153
	1161
	1166
	1171
	1179
	1187
	1192
	1197
	1205
	1213
	1218
	1223
	1231
	1239
	1244
	1249
	1257
	1265
	1270
	1275
	1283
	1291
	1296
	1301
	1309
	1317
	1322
	1327
	1335
	1343
	1348
	1353
	1361
	1369
	1374
	1379
	1387
	1395
	1400
	1405
	1413
	1421
	1426
	1431
	1439
	1447
	1452
	1457
	1465
	1473
	1478
	1483
	1491
	1499
	1504
	1509
	1517
	1525
	1530
	1535
	1543
	1551
	1556
	1561
	1569
	1577
	1582
	1587
	1595
	1603
	1608
	1613
	1621
	1629
	1634
	1639
	1647
	1655
	1660
	1665
	1673
	1681
	1686
	1691
	1699
	1707
	1712
	1717
	1725
	1733
	1738
	1743
	1751
	1759
	1764
	1769
	1777
	1785
	1790
	1795
	1803
	1811
	1816
	1821
	1829
	1837
	1842
	1847
	1855
	1863
	1868
	1873
	1881
	1889
	1894
	1899
	1907
	1915
	1920
	1925
	1933
	1941
	1946
	1951
	1959
	1967
	1972
	1977
	1985
	1993
	1998
	2003
	2011
	2019
	2024
	2029
	2037
	2045
	2050
	2055
	2063
	2071
	2076
	2081
	2089
	2097
	2102
	2107
	2115
	2123
	2128
	2133
	2141
	2149
	2154
	2159
	2167
	2175
	2180
	2185
	2193
	2201
	2206
	2211
	2219
	2227
	2232
	2237
	2245
	2253
	2258
	2263
	2271
	2279
	2284
	2289
	2297
	2305
	2310
	2315
	2323
	2331
	2336
	2341
	2349
	2357
	2362
	2367
	2375
	2383
	2388
	2393
	2401
	2409
	2414
	2419
	2427
	2435
	2440
	2445
	2453
	2461
	2466
	2471
	2479
	2487
	2492
	2497
	2505
	2513
	2518
	2523
	2531
	2539
	2544
	2549
	2557
	2565
	2570
	2575
	2583
	2591
	2596
	2601
	2609
	2617
	2622
	2627
	2635
	2643
	2648
	2653
	2661
	2669
	2674
	2679
	2687
	2695
	2700
	2705
	2713
	2721
	2726
	2731
	2739
	2747
	2752
	2757
	2765
	2773
	2778
	2783
	2791
	2799
	2804
	2809
	2817
	2825
	2830
	2835
	2843
	2851
	2856
	2861
	2869
	2877
	2882
	2887
	2895
	2903
	2908
	2913
	2921
	2929
	2934
	2939
	2947
	2955
	2960
	2965
	2973
	2981
	2986
	2991
	2999
	3007
	3012
	3017
	3025
	3033
	3038
	3043
	3051
	3059
	3064
	3069
	3077
	3085
	3090
	3095
	3103
	3111
	3116
	3121
	3129
	3137
	3142
	3147
	3155
	3163
	3168
	3173
	3181
	3189
	3194
	3199
	3207
	3215
	3220
	3225
	3233
	3241
	3246
	3251
	3259
	3267
	3272
	3277
	3285
	3293
	3298
	3303
	3311
	3319
	3324
	3329
	3337
	3345
	3350
	3355
	3363
	3371
	3376
	3381
	3389
	3397
	3402
	3407
	3415
	3423
	3428
	3433
	3441
	3449
	3454
	3459
	3467
	3475
	3480
	3485
	3493
	3501
	3506
	3511
	3519
	3527
	3532
	3537
	3545
	3553
	3558
	3563
	3571
	3579
	3584
	3589
	3597
	3605
	3610
	3615
	3623
	3631
	3636
	3641
	3649
	3657
	3662
	3667
	3675
	3683
	3688
	3693
	3701
	3709
	3714
	3719
	3727
	3735
	3740
	3745
	3753
	3761
	3766
	3771
	3779
	3787
	3792
	3797
	3805
	3813
	3818
	3823
	3831
	3839
	3844
	3849
	3857
	3865
	3870
	3875
	3883
	3891
	3896
	3901
	3909
	3917
	3922
	3927
	3935
	3943
	3948
	3953
	3961
	3969
	3974
	3979
	3987
	3995
	4000
	4005
	4013
	4021
	4026
	4031
	4039
	4047
	4052
	4057
	4065
	4073
	4078
	4083
	4091
	4099
	4104
	4109
	4117
	4125
	4130
	4135
	4143
	4151
	4156
	4161
	4169
	4177
	4182
	4187
	4195
	4203
	4208
	4213
	4221
	4229
	4234
	4239
	4247
	4255
	4260
	4265
	4273
	4281
	4286
	4291
	4299
	4307
	4312
	4317
	4325
	4333
	4338
	4343
	4351
	4359
	4364
	4369
	4377
	4385
	4390
	4395
	4403
	4411
	4416
	4421
	4429
	4437
	4442
	4447
	4455
	4463
	4468
	4473
	4481
	4489
	4494
	4499
	4507
	4515
	4520
	4525
	4533
	4541
	4546
	4551
	4559
	4567
	4572
	4577
	4585
	4593
	4598
	4603
	4611
	4619
	4624
	4629
	4637
	4645
	4650
	4655
	4663
	4671
	4676
	4681
	4689
	4697
	4702
	4707
	4715
	4723
	4728
	4733
	4741
	4749
	4754
	4759
	4767
	4775
	4780
	4785
	4793
	4801
	4806
	4811
	4819
	4827
	4832
	4837
	4845
	4853
	4858
	4863
	4871
	4879
	4884
	4889
	4897
	4905
	4910
	4915
	4923
	4931
	4936
	4941
	4949
	4957
	4962
	4967
	4975
	4983
	4988
	4993
	5001
	5009
	5014
	5019
	5027
	5035
	5040
	5045
	5053
	5061
	5066
	5071
	5079
	5087
	5092
	5097
	5105
	5113
	5118
	5123
	5131
	5139
	5144
	5149
	5157
	5165
	5170
	5175
	5183
	5191
	5196
	5201
	5209
	5217
	5222
	5227
	5235
	5243
	5248
	5253
	5261
	5269
	5274
	5279
	5287
	5295
	5300
	5305
	5313
	5321
	5326
	5331
	5339
	5347
	5352
	5357
	5365
	5373
	5378
	5383
	5391
	5399
	5404
	5409
	5417
	5425
	5430
	5435
	5443
	5451
	5456
	5461
	5469
	5477
	5482
	5487
	5495
	5503
	5508
	5513
	5521
	5529
	5534
	5539
	5547
	5555
	5560
	5565
	5573
	5581
	5586
	5591
	5599
	5607
	5612
	5617
	5625
	5633
	5638
	5643
	5651
	5659
	5664
	5669
	5677
	5685
	5690
	5695
	5703
	5711
	5716
	5721
	5729
	5737
	5742
	5747
	5755
	5763
	5768
	5773
	5781
	5789
	5794
	5799
	5807
	5815
	5820
	5825
	5833
	5841
	5846
	5851
	5859
	5867
	5872
	5877
	5885
	5893
	5898
	5903
	5911
	5919
	5924
	5929
	5937
	5945
	5950
	5955
	5963
	5971
	5976
	5981
	5989
	5997
	6002
	6007
	6015
	6023
	6028
	6033
	6041
	6049
	6054
	6059
	6067
	6075
	6080
	6085
	6093
	6101
	6106
	6111
	6119
	6127
	6132
	6137
	6145
	6153
	6158
	6163
	6171
	6179
	6184
	6189
	6197
	6205
	6210
	6215
	6223
	6231
	6236
	6241
	6249
	6257
	6262
	6267
	6275
	6283
	6288
	6293
	6301
	6309
	6314
	6319
	6327
	6335
	6340
	6345
	6353
	6361
	6366
	6371
	6379
	6387
	6392
	6397
	6405
	6413
	6418
	6423
	6431
	6439
	6444
	6449
	6457
	6465
	6470
	6475
	6483
	6491
	6496
	6501
	6509
	6517
	6522
	6527
	6535
	6543
	6548
	6553
	6561
	6569
	6574
	6579
	6587
	6595
	6600
	6605
	6613
	6621
	6626
	6631
	6639
	6647
	6652
	6657
	6665
	6673
	6678
	6683
	6691
	6699
	6704
	6709
	6717
	6725
	6730
	6735
	6743
	6751
	6756
	6761
	6769
	6777
	6782
	6787
	6795
	6803
	6808
	6813
	6821
	6829
	6834
	6839
	6847
	6855
	6860
	6865
	6873
	6881
	6886
	6891
	6899
	6907
	6912
	6917
	6925
	6933
	6938
	6943
	6951
	6959
	6964
	6969
	6977
	6985
	6990
	6995
	7003
	7011
	7016
	7021
	7029
	7037
	7042
	7047
	7055
	7063
	7068
	7073
	7081
	7089
	7094
	7099
	7107
	7115
	7120
	7125
	7133
	7141
	7146
	7151
	7159
	7167
	7172
	7177
	7185
	7193
	7198
	7203
	7211
	7219
	7224
	7229
	7237
	7245
	7250
	7255
	7263
	7271
	7276
	7281
	7289
	7297
	7302
	7307
	7315
	7323
	7328
	7333
	7341
	7349
	7354
	7359
	7367
	7375
	7380
	7385
	7393
	7401
	7406
	7411
	7419
	7427
	7432
	7437
	7445
	7453
	7458
	7463
	7471
	7479
	7484
	7489
	7497
	7505
	7510
	7515
	7523
	7531
	7536
	7541
	7549
	7557
	7562
	7567
	7575
	7583
	7588
	7593
	7601
	7609
	7614
	7619
	7627
	7635
	7640
	7645
	7653
	7661
	7666
	7671
	7679
	7687
	7692
	7697
	7705
	7713
	7718
	7723
	7731
	7739
	7744
	7749
	7757
	7765
	7770
	7775
	7782
	7789
	7793
	7797
	8399
	9001
	9903
	10805
	10808
	10811
	10814
	10817
	10820
	10823
	10826
	10829
	10832
	10835
	10838
	10841
	10844
	10847
	10850
	10853
	10856
	10859
	10862
	10865
	10868
	10871
	10874
	10877
	10880
	10883
	10886
	10889
	10892
	10895
	10898
	10901
	10904
	10907
	10910
	10913
	10916
	10919
	10922
	10925
	10928
	10931
	10934
	10937
	10940
	10943
	10946
	10949
	10952
	10955
	10958
	10961
	10964
	10967
	10970
	10973
	10976
	10979
	10982
	10985
	10988
	10991
	10994
	10997
	11000
	11003
	11006
	11009
	11012
	11015
	11018
	11021
	11024
	11027
	11030
	11033
	11036
	11039
	11042
	11045
	11048
	11051
	11054
	11057
	11060
	11063
	11066
	11069
	11072
	11075
	11078
	11081
	11084
	11087
	11090
	11093
	11096
	11099
	11102
	11105
	11108
	11111
	11114
	11117
	11120
	11123
	11126
	11129
	11132
	11135
	11138
	11141
	11144
	11147
	11150
	11153
	11156
	11159
	11162
	11165
	11168
	11171
	11174
	11177
	11180
	11183
	11186
	11189
	11192
	11195
	11198
	11201
	11204
	11207
	11210
	11213
	11216
	11219
	11222
	11225
	11228
	11231
	11234
	11237
	11240
	11243
	11246
	11249
	11252
	11255
	11258
	11261
	11264
	11267
	11270
	11273
	11276
	11279
	11282
	11285
	11288
	11291
	11294
	11297
	11300
	11303
	11306
	11309
	11312
	11315
	11318
	11321
	11324
	11327
	11330
	11333
	11336
	11339
	11342
	11345
	11348
	11351
	11354
	11357
	11360
	11363
	11366
	11369
	11372
	11375
	11378
	11381
	11384
	11387
	11390
	11393
	11396
	11399
	11402
	11405
	11408
	11411
	11414
	11417
	11420
	11423
	11426
	11429
	11432
	11435
	11438
	11441
	11444
	11447
	11450
	11453
	11456
	11459
	11462
	11465
	11468
	11471
	11474
	11477
	11480
	11483
	11486
	11489
	11492
	11495
	11498
	11501
	11504
	11507
	11510
	11513
	11516
	11519
	11522
	11525
	11528
	11531
	11534
	11537
	11540
	11543
	11546
	11549
	11552
	11555
	11558
	11561
	11564
	11567
	11570
	11573
	11576
	11579
	11582
	11585
	11588
	11591
	11594
	11597
	11600
	11603
	11606
	11609
	11612
	11615
	11618
	11621
	11624
	11627
	11630
	11633
	11636
	11639
	11642
	11645
	11648
	11651
	11654
	11657
	11660
	11663
	11666
	11669
	11672
	11675
	11678
	11681
	11684
	11687
	11690
	11693
	11696
	11699
	11702
	11705
	11708
	11711
	11714
	11717
	11719
	11722
	11725
	11728
	11731
	11734
	11737
	11740
	11743
	11746
	11749
	11752
	11755
	11758
	11761
	11764
	11767
	11770
	11773
	11776
	11779
	11782
	11785
	11788
	11791
	11794
	11797
	11800
	11803
	11806
	11809
	11812
	11815
	11818
	11821
	11824
	11827
	11830
	11833
	11836
	11839
	11842
	11845
	11848
	11851
	11854
	11857
	11860
	11863
	11866
	11869
	11872
	11875
	11878
	11881
	11884
	11887
	11890
	11893
	11896
	11899
	11902
	11905
	11908
	11911
	11914
	11917
	11920
	11923
	11926
	11929
	11932
	11935
	11938
	11941
	11944
	11947
	11950
	11953
	11956
	11959
	11962
	11965
	11968
	11971
	11974
	11977
	11980
	11983
	11986
	11989
	11992
	11995
	11998
	12001
	12004
	12007
	12010
	12013
	12016
	12019
	12022
	12025
	12028
	12031
	12034
	12037
	12040
	12043
	12046
	12049
	12052
	12055
	12058
	12061
	12064
	12067
	12070
	12073
	12076
	12079
	12082
	12085
	12088
	12091
	12094
	12097
	12100
	12103
	12106
	12109
	12112
	12115
	12118
	12121
	12124
	12127
	12130
	12133
	12136
	12139
	12142
	12145
	12148
	12151
	12154
	12157
	12160
	12163
	12166
	12169
	12172
	12175
	12178
	12181
	12184
	12187
	12190
	12193
	12196
	12199
	12202
	12205
	12208
	12211
	12214
	12217
	12220
	12223
	12226
	12229
	12232
	12235
	12238
	12241
	12244
	12247
	12250
	12253
	12256
	12259
	12262
	12265
	12268
	12271
	12274
	12277
	12280
	12283
	12286
	12289
	12292
	12295
	12298
	12301
	12304
	12307
	12310
	12313
	12316
	12319
	12322
	12325
	12328
	12331
	12334
	12337
	12340
	12343
	12346
	12349
	12352
	12355
	12358
	12361
	12364
	12367
	12370
	12373
	12376
	12379
	12382
	12385
	12388
	12391
	12394
	12397
	12400
	12403
	12406
	12409
	12412
	12415
	12418
	12421
	12424
	12427
	12430
	12433
	12436
	12439
	12442
	12445
	12448
	12451
	12454
	12457
	12460
	12463
	12466
	12469
	12472
	12475
	12478
	12481
	12484
	12487
	12490
	12493
	12496
	12499
	12502
	12505
	12508
	12511
	12514
	12517
	12520
	12523
	12526
	12529
	12532
	12535
	12538
	12541
	12544
	12547
	12550
	12553
	12556
	12559
	12562
	12565
	12568
	12571
	12574
	12577
	12580
	12583
	12586
	12589
	12592
	12595
	12598
	12601
	12604
	12607
	12610
	12613
	12616
	12619
	12622
	12625
	12628
	12631
	12634
	12637
	12640
	12643
	12646
	12649
	12652
	12655
	12658
	12661
	12664
	12667
	12670
	12673
	12676
	12679
	12682
	12685
	12688
	12691
	12694
	12697
	12700
	12703
	12706
	12709
	12712
	12715
	12718
	12721
	12724
	12727
	12730
	12733
	12736
	12739
	12742
	12745
	12748
	12751
	12754
	12757
	12760
	12763
	12766
	12769
	12772
	12775
	12778
	12781
	12784
	12787
	12790
	12793
	12796
	12799
	12802
	12805
	12808
	12811
	12814
	12817
	12820
	12823
	12826
	12829
	12832
	12835
	12838
	12841
	12844
	12847
	12850
	12853
	12856
	12859
	12862
	12865
	12868
	12871
	12874
	12877
	12880
	12883
	12886
	12889
	12892
	12895
	12898
	12901
	12904
	12907
	12910
	12913
	12916
	12919
	12922
	12925
	12928
	12931
	12934
	12937
	12940
	12943
	12946
	12949
	12952
	12955
	12958
	12961
	12964
	12967
	12970
	12973
	12976
	12979
	12982
	12985
	12988
	12991
	12994
	12997
	13000
	13003
	13006
	13009
	13012
	13015
	13018
	13021
	13024
	13027
	13030
	13033
	13036
	13039
	13042
	13045
	13048
	13051
	13054
	13057
	13060
	13063
	13066
	13069
	13072
	13075
	13078
	13081
	13084
	13087
	13090
	13093
	13096
	13099
	13102
	13105
	13108
	13111
	13114
	13117
	13120
	13123
	13126
	13129
	13132
	13135
	13138
	13141
	13144
	13147
	13150
	13153
	13156
	13159
	13162
	13165
	13168
	13171
	13174
	13177
	13180
	13183
	13186
	13189
	13192
	13195
	13198
	13201
	13204
	13207
	13210
	13213
	13216
	13219
	13222
	13225
	13228
	13231
	13234
	13237
	13240
	13243
	13246
	13249
	13252
	13255
	13258
	13261
	13264
	13267
	13270
	13273
	13276
	13279
	13282
	13285
	13288
	13291
	13294
	13297
	13300
	13303
	13306
	13309
	13312
	13315
	13318
	13321
	13324
	13327
	13330
	13333
	13336
	13339
	13342
	13345
	13348
	13351
	13354
	13357
	13360
	13363
	13366
	13369
	13372
	13375
	13378
	13381
	13384
	13387
	13390
	13393
	13396
	13399
	13402
	13405
	13408
	13411
	13414
	13417
	13420
	13423
	13426
	13429
	13432
	13435
	13438
	13441
	13444
	13447
	13450
	13453
	13456
	13459
	13462
	13465
	13468
	13471
	13474
	13477
	13480
	13483
	13486
	13489
	13492
	13495
	13498
	13501
	13504
	13507
	13510
	13513
	13516
	13519
	13522
	13525
	13528
	13531
	13534
	13537
	13540
	13543
	13546
	13549
	13552
	13555
	13558
	13561
	13564
	13567
	13570
	13573
	13576
	13579
	13582
	13585
	13588
	13591
	13594
	13597
	13600
	13603
	13606
	13609
	13612
	13615
	13618
	13621
	13624
	13627
	13630
	13633
	13636
	13639
	13642
	13645
	13648
	13651
	13654
	13657
	13660
	13663
	13666
	13669
	13672
	13675
	13678
	13681
	13684
	13687
	13690
	13693
	13696
	13699
	13702
	13705
	13708
	13711
	13714
	13717
	13720
	13723
	13726
	13729
	13732
	13735
	13738
	13741
	13744
	13747
	13750
	13753
	13756
	13759
	13762
	13765
	13768
	13771
	13774
	13777
	13780
	13783
	13786
	13789
	13792
	13795
	13798
	13801
	13804
	13807
	13810
	13813
	13816
	13819
	13822
	13825
	13828
	13831
	13834
	13837
	13840
	13843
	13846
	13849
	13852
	13855
	13858
	13861
	13864
	13867
	13870
	13873
	13876
	13879
	13882
	13885
	13888
	13891
	13894
	13897
	13900
	13903
	13906
	13909
	13912
	13915
	13918
	13921
	13924
	13927
	13930
	13933
	13936
	13939
	13942
	13945
	13948
	13951
	13954
	13957
	13960
	13963
	13966
	13969
	13972
	13975
	13978
	13981
	13984
	13987
	13990
	13993
	13996
	13999
	14002
	14005
	14008
	14011
	14014
	14017
	14020
	14023
	14026
	14029
	14032
	14035
	14038
	14041
	14044
	14047
	14050
	14053
	14056
	14059
	14062
	14065
	14068
	14071
	14074
	14077
	14080
	14083
	14086
	14089
	14092
	14095
	14098
	14101
	14104
	14107
	14110
	14113
	14116
	14119
	14122
	14125
	14128
	14131
	14134
	14137
	14140
	14143
	14146
	14149
	14152
	14155
	14158
	14161
	14164
	14167
	14170
	14173
	14176
	14179
	14182
	14185
	14188
	14191
	14194
	14197
	14200
	14203
	14206
	14209
	14212
	14215
	14218
	14221
	14224
	14227
	14230
	14233
	14236
	14239
	14242
	14245
	14248
	14251
	14254
	14257
	14260
	14263
	14266
	14269
	14272
	14275
	14278
	14281
	14284
	14287
	14290
	14293
	14296
	14299
	14302
	14305
	14308
	14311
	14314
	14317
	14320
	14323
	14326
	14329
	14332
	14335
	14338
	14341
	14344
	14347
	14350
	14353
	14356
	14359
	14362
	14365
	14368
	14371
	14374
	14377
	14380
	14383
	14386
	14389
	14392
	14395
	14398
	14401
	14404
	14407
	14410
	14413
	14416
	14419
	14422
	14425
	14428
	14431
	14434
	14437
	14440
	14443
	14446
	14449
	14452
	14455
	14458
	14461
	14464
	14467
	14470
	14473
	14476
	14479
	14482
	14485
	14488
	14491
	14494
	14497
	14500
	14503
	14506
	14509
	14512
	14515
	14518
	14521
	14524
	14527
	14530
	14533
	14536
	14539
	14542
	14545
	14548
	14551
	14554
	14557
	14560
	14563
	14566
	14569
	14572
	14575
	14578
	14581
	14584
	14587
	14590
	14593
	14596
	14599
	14602
	14605
	14608
	14611
	14614
	14617
	14620
	14623
	14626
	14629
	14632
	14635
	14638
	14641
	14644
	14647
	14650
	14653
	14656
	14659
	14662
	14665
	14668
	14671
	14674
	14677
	14680
	14683
	14686
	14689
	14692
	14695
	14698
	14701
	14704
	14707
	14710
	14713
	14716
	14719
	14722
	14725
	14728
	14731
	14734
	14737
	14740
	14743
	14746
	14749
	14752
	14755
	14758
	14761
	14764
	14767
	14770
	14773
	14776
	14779
	14782
	14785
	14788
	14791
	14794
	14797
	14800
	14803
	14806
	14809
	14812
	14815
	14818
	14821
	14824
	14827
	14830
	14833
	14836
	14839
	14842
	14845
	14848
	14851
	14854
	14857
	14860
	14863
	14866
	14869
	14872
	14875
	14878
	14881
	14884
	14887
	14890
	14893
	14896
	14899
	14902
	14905
	14908
	14911
	14914
	14917
	14920
	14923
	14926
	14929
	14932
	14935
	14938
	14941
	14944
	14947
	14950
	14953
	14956
	14959
	14962
	14965
	14968
	14971
	14974
	14977
	14980
	14983
	14986
	14989
	14992
	14995
	14998
	15001
	15004
	15007
	15010
	15013
	15016
	15019
	15022
	15025
	15028
	15031
	15034
	15037
	15040
	15043
	15046
	15049
	15052
	15055
	15058
	15061
	15064
	15067
	15070
	15073
	15076
	15079
	15082
	15085
	15088
	15091
	15094
	15097
	15100
	15103
	15106
	15109
	15112
	15115
	15118
	15121
	15124
	15127
	15130
	15133
	15136
	15139
	15142
	15145
	15148
	15151
	15154
	15157
	15160
	15163
	15166
	15169
	15172
	15175
	15178
	15181
	15184
	15187
	15190
	15193
	15196
	15199
	15202
	15205
	15208
	15211
	15214
	15217
	15220
	15223
	15226
	15229
	15232
	15235
	15238
	15241
	15244
	15247
	15250
	15253
	15256
	15259
	15262
	15265
	15268
	15271
	15274
	15277
	15280
	15283
	15286
	15289
	15292
	15295
	15298
	15301
	15304
	15307
	15310
	15313
	15316
	15319
	15322
	15325
	15328
	15331
	15334
	15337
	15340
	15343
	15346
	15349
	15352
	15355
	15358
	15361
	15364
	15367
	15370
	15373
	15376
	15379
	15382
	15385
	15388
	15391
	15394
	15397
	15400
	15403
	15406
	15409
	15412
	15415
	15418
	15421
	15424
	15427
	15430
	15433
	15436
	15439
	15442
	15445
	15448
	15451
	15454
	15457
	15460
	15463
	15466
	15469
	15472
	15475
	15478
	15481
	15484
	15487
	15490
	15493
	15496
	15499
	15502
	15505
	15508
	15511
	15514
	15517
	15520
	15523
	15526
	15529
	15532
	15535
	15538
	15541
	15544
	15547
	15550
	15553
	15556
	15559
	15562
	15565
	15568
	15571
	15574
	15577
	15580
	15583
	15586
	15589
	15592
	15595
	15598
	15601
	15604
	15607
	15610
	15613
	15616
	15619
	15622
	15625
	15628
	15631
	15634
	15637
	15640
	15643
	15646
	15649
	15652
	15655
	15658
	15661
	15664
	15667
	15670
	15673
	15676
	15679
	15682
	15685
	15688
	15691
	15694
	15697
	15700
	15703
	15706
	15709
	15712
	15715
	15718
	15721
	15724
	15727
	15730
	15733
	15736
	15739
	15742
	15745
	15748
	15751
	15754
	15757
	15760
	15763
	15766
	15769
	15772
	15775
	15778
	15781
	15784
	15787
	15790
	15793
	15796
	15799
	15802
	15805
	15808
	15811
	15814
	15817
	15820
	15823
	15826
	15829
	15832
	15835
	15838
	15841
	15844
	15847
	15850
	15853
	15856
	15859
	15862
	15865
	15868
	15871
	15874
	15877
	15880
	15883
	15886
	15889
	15892
	15895
	15898
	15901
	15904
	15907
	15910
	15913
	15916
	15919
	15922
	15925
	15928
	15931
	15934
	15937
	15940
	15943
	15946
	15949
	15952
	15955
	15958
	15961
	15964
	15967
	15970
	15973
	15976
	15979
	15982
	15985
	15988
	15991
	15994
	15997
	16000
	16003
	16006
	16009
	16012
	16015
	16018
	16021
	16024
	16027
	16030
	16033
	16036
	16039
	16042
	16045
	16048
	16051
	16054
	16057
	16060
	16063
	16066
	16069
	16072
	16075
	16078
	16081
	16084
	16087
	16090
	16093
	16096
	16099
	16102
	16105
	16108
	16111
	16114
	16117
	16120
	16123
	16126
	16129
	16132
	16135
	16138
	16141
	16144
	16147
	16150
	16153
	16156
	16159
	16162
	16165
	16168
	16171
	16174
	16177
	16180
	16183
	16186
	16189
	16192
	16195
	16198
	16201
	16204
	16207
	16210
	16213
	16216
	16219
	16220
	16221
	16222
	16223
	16224
	16225
	16226
	16227
	16228
	16229
	16230
	16231
	16232
	16233
	16234
	16235
	16236
	16237
	16238
	16239
	16240
	16241
	16242
	16243
	16244
	16245
	16246
	16247
	16248
	16249
	16250
	16251
	16252
	16253
	16254
	16255
	16256
	16257
	16258
	16259
	16260
	16261
	16262
	16263
	16264
	16265
	16266
	16267
	16268
	16269
	16270
	16271
	16272
	16273
	16274
	16275
	16276
	16277
	16278
	16279
	16280
	16281
	16282
	16283
	16284
	16285
	16286
	16287
	16288
	16289
	16290
	16291
	16292
	16293
	16294
	16295
	16296
	16297
	16298
	16299
	16300
	16301
	16302
	16303
	16304
	16305
	16306
	16307
	16308
	16309
	16310
	16311
	16312
	16313
	16314
	16315
	16316
	16317
	16318
	16319
	16320
	16321
	16322
	16323
	16324
	16325
	16326
	16327
	16328
	16329
	16330
	16331
	16332
	16333
	16334
	16335
	16336
	16337
	16338
	16339
	16340
	16341
	16342
	16343
	16344
	16345
	16346
	16347
	16348
	16349
	16350
	16351
	16352
	16353
	16354
	16355
	16356
	16357
	16358
	16359
	16360
	16361
	16362
	16363
	16364
	16365
	16366
	16367
	16368
	16369
	16370
	16371
	16372
	16373
	16374
	16375
	16376
	16377
	16378
	16379
	16380
	16381
	16382
	16383
	16384
	16385
	16386
	16387
	16388
	16389
	16390
	16391
	16392
	16393
	16394
	16395
	16396
	16397
	16398
	16399
	16400
	16401
	16402
	16403
	16404
	16405
	16406
	16407
	16408
	16409
	16410
	16411
	16412
	16413
	16414
	16415
	16416
	16417
	16418
	16419
	16420
	16421
	16422
	16423
	16424
	16425
	16426
	16427
	16428
	16429
	16430
	16431
	16432
	16433
	16434
	16435
	16436
	16437
	16438
	16439
	16440
	16441
	16442
	16443
	16444
	16445
	16446
	16447
	16448
	16449
	16450
	16451
	16452
	16453
	16454
	16455
	16456
	16457
	16458
	16459
	16460
	16461
	16462
	16463
	16464
	16465
	16466
	16467
	16468
	16469
	16470
	16471
	16472
	16473
	16474
	16475
	16476
	16477
	16478
	16479
	16480
	16481
	16482
	16483
	16484
	16485
	16486
	16487
	16488
	16489
	16490
	16491
	16492
	16493
	16494
	16495
	16496
	16497
	16498
	16499
	16500
	16501
	16502
	16503
	16504
	16505
	16506
	16507
	16508
	16509
	16510
	16511
	16512
	16513
	16514
	16515
	16516
	16517
	16518
	16519
	16520
	16521
	16522
	16523
	16524
	16525
	16526
	16527
	16528
	16529
	16530
	16531
	16532
	16533
	16534
	16535
	16536
	16537
	16538
	16539
	16540
	16541
	16542
	16543
	16544
	16545
	16546
	16547
	16548
	16549
	16550
	16551
	16552
	16553
	16554
	16555
	16556
	16557
	16558
	16559
	16560
	16561
	16562
	16563
	16564
	16565
	16566
	16567
	16568
	16569
	16570
	16571
	16572
	16573
	16574
	16575
	16576
	16577
	16578
	16579
	16580
	16581
	16582
	16583
	16584
	16585
	16586
	16587
	16588
	16589
	16590
	16591
	16592
	16593
	16594
	16595
	16596
	16597
	16598
	16599
	16600
	16601
	16602
	16603
	16604
	16605
	16606
	16607
	16608
	16609
	16610
	16611
	16612
	16613
	16614
	16615
	16616
	16617
	16618
	16619
	16620
	16621
	16622
	16623
	16624
	16625
	16626
	16627
	16628
	16629
	16630
	16631
	16632
	16633
	16634
	16635
	16636
	16637
	16638
	16639
	16640
	16641
	16642
	16643
	16644
	16645
	16646
	16647
	16648
	16649
	16650
	16651
	16652
	16653
	16654
	16655
	16656
	16657
	16658
	16659
	16660
	16661
	16662
	16663
	16664
	16665
	16666
	16667
	16668
	16669
	16670
	16671
	16672
	16673
	16674
	16675
	16676
	16677
	16678
	16679
	16680
	16681
	16682
	16683
	16684
	16685
	16686
	16687
	16688
	16689
	16690
	16691
	16692
	16693
	16694
	16695
	16696
	16697
	16698
	16699
	16700
	16701
	16702
	16703
	16704
	16705
	16706
	16707
	16708
	16709
	16710
	16711
	16712
	16713
	16714
	16715
	16716
	16717
	16718
	16719
	16720
	16721
	16722
	16723
	16724
	16725
	16726
	16727
	16728
	16729
	16730
	16731
	16732
	16733
	16734
	16735
	16736
	16737
	16738
	16739
	16740
	16741
	16742
	16743
	16744
	16745
	16746
	16747
	16748
	16749
	16750
	16751
	16752
	16753
	16754
	16755
	16756
	16757
	16758
	16759
	16760
	16761
	16762
	16763
	16764
	16765
	16766
	16767
	16768
	16769
	16770
	16771
	16772
	16773
	16774
	16775
	16776
	16777
	16778
	16779
	16780
	16781
	16782
	16783
	16784
	16785
	16786
	16787
	16788
	16789
	16790
	16791
	16792
	16793
	16794
	16795
	16796
	16797
	16798
	16799
	16800
	16801
	16802
	16803
	16804
	16805
	16806
	16807
	16808
	16809
	16810
	16811
	16812
	16813
	16814
	16815
	16816
	16817
	16818
	16819
	16820
	16821
	16822
	16823
	16824
	16825
	16826
	16827
	16828
	16829
	16830
	16831
	16832
	16833
	16834
	16835
	16836
	16837
	16838
	16839
	16840
	16841
	16842
	16843
	16844
	16845
	16846
	16847
	16848
	16849
	16850
	16851
	16852
	16853
	16854
	16855
	16856
	16857
	16858
	16859
	16860
	16861
	16862
	16863
	16864
	16865
	16866
	16867
	16868
	16869
	16870
	16871
	16872
	16873
	16874
	16875
	16876
	16877
	16878
	16879
	16880
	16881
	16882
	16883
	16884
	16885
	16886
	16887
	16888
	16889
	16890
	16891
	16892
	16893
	16894
	16895
	16896
	16897
	16898
	16899
	16900
	16901
	16902
	16903
	16904
	16905
	16906
	16907
	16908
	16909
	16910
	16911
	16912
	16913
	16914
	16915
	16916
	16917
	16918
	16919
	16920
	16921
	16922
	16923
	16924
	16925
	16926
	16927
	16928
	16929
	16930
	16931
	16932
	16933
	16934
	16935
	16936
	16937
	16938
	16939
	16940
	16941
	16942
	16943
	16944
	16945
	16946
	16947
	16948
	16949
	16950
	16951
	16952
	16953
	16954
	16955
	16956
	16957
	16958
	16959
	16960
	16961
	16962
	16963
	16964
	16965
	16966
	16967
	16968
	16969
	16970
	16971
	16972
	16973
	16974
	16975
	16976
	16977
	16978
	16979
	16980
	16981
	16982
	16983
	16984
	16985
	16986
	16987
	16988
	16989
	16990
	16991
	16992
	16993
	16994
	16995
	16996
	16997
	16998
	16999
	17000
	17001
	17002
	17003
	17004
	17005
	17006
	17007
	17008
	17009
	17010
	17011
	17012
	17013
	17014
	17015
	17016
	17017
	17018
	17019
	17020
	17021
	17022
	17023
	17024
	17025
	17026
	17027
	17028
	17029
	17030
	17031
	17032
	17033
	17034
	17035
	17036
	17037
	17038
	17039
	17040
	17041
	17042
	17043
	17044
	17045
	17046
	17047
	17048
	17049
	17050
	17051
	17052
	17053
	17054
	17055
	17056
	17057
	17058
	17059
	17060
	17061
	17062
	17063
	17064
	17065
	17066
	17067
	17068
	17069
	17070
	17071
	17072
	17073
	17074
	17075
	17076
	17077
	17078
	17079
	17080
	17081
	17082
	17083
	17084
	17085
	17086
	17087
	17088
	17089
	17090
	17091
	17092
	17093
	17094
	17095
	17096
	17097
	17098
	17099
	17100
	17101
	17102
	17103
	17104
	17105
	17106
	17107
	17108
	17109
	17110
	17111
	17112
	17113
	17114
	17115
	17116
	17117
	17118
	17119
	17120
	17121
	17122
	17123
	17124
	17125
	17126
	17127
	17128
	17129
	17130
	17131
	17132
	17133
	17134
	17135
	17136
	17137
	17138
	17139
	17140
	17141
	17142
	17143
	17144
	17145
	17146
	17147
	17148
	17149
	17150
	17151
	17152
	17153
	17154
	17155
	17156
	17157
	17158
	17159
	17160
	17161
	17162
	17163
	17164
	17165
	17166
	17167
	17168
	17169
	17170
	17171
	17172
	17173
	17174
	17175
	17176
	17177
	17178
	17179
	17180
	17181
	17182
	17183
	17184
	17185
	17186
	17187
	17188
	17189
	17190
	17191
	17192
	17193
	17194
	17195
	17196
	17197
	17198
	17199
	17200
	17201
	17202
	17203
	17204
	17205
	17206
	17207
	17208
	17209
	17210
	17211
	17212
	17213
	17214
	17215
	17216
	17217
	17218
	17219
	17220
	17221
	17222
	17223
	17224
	17225
	17226
	17227
	17228
	17229
	17230
	17231
	17232
	17233
	17234
	17235
	17236
	17237
	17238
	17239
	17240
	17241
	17242
	17243
	17244
	17245
	17246
	17247
	17248
	17249
	17250
	17251
	17252
	17253
	17254
	17255
	17256
	17257
	17258
	17259
	17260
	17261
	17262
	17263
	17264
	17265
	17266
	17267
	17268
	17269
	17270
	17271
	17272
	17273
	17274
	17275
	17276
	17277
	17278
	17279
	17280
	17281
	17282
	17283
	17284
	17285
	17286
	17287
	17288
	17289
	17290
	17291
	17292
	17293
	17294
	17295
	17296
	17297
	17298
	17299
	17300
	17301
	17302
	17303
	17304
	17305
	17306
	17307
	17308
	17309
	17310
	17311
	17312
	17313
	17314
	17315
	17316
	17317
	17318
	17319
	17320
	17321
	17322
	17323
	17324
	17325
	17326
	17327
	17328
	17329
	17330
	17331
	17332
	17333
	17334
	17335
	17336
	17337
	17338
	17339
	17340
	17341
	17342
	17343
	17344
	17345
	17346
	17347
	17348
	17349
	17350
	17351
	17352
	17353
	17354
	17355
	17356
	17357
	17358
	17359
	17360
	17361
	17362
	17363
	17364
	17365
	17366
	17367
	17368
	17369
	17370
	17371
	17372
	17373
	17374
	17375
	17376
	17377
	17378
	17379
	17380
	17381
	17382
	17383
	17384
	17385
	17386
	17387
	17388
	17389
	17390
	17391
	17392
	17393
	17394
	17395
	17396
	17397
	17398
	17399
	17400
	17401
	17402
	17403
	17404
	17405
	17406
	17407
	17408
	17409
	17410
	17411
	17412
	17413
	17414
	17415
	17416
	17417
	17418
	17419
	17420
	17421
	17422
	17423
	17424
	17425
	17426
	17427
	17428
	17429
	17430
	17431
	17432
	17433
	17434
	17435
	17436
	17437
	17438
	17439
	17440
	17441
	17442
	17443
	17444
	17445
	17446
	17447
	17448
	17449
	17450
	17451
	17452
	17453
	17454
	17455
	17456
	17457
	17458
	17459
	17460
	17461
	17462
	17463
	17464
	17465
	17466
	17467
	17468
	17469
	17470
	17471
	17472
	17473
	17474
	17475
	17476
	17477
	17478
	17479
	17480
	17481
	17482
	17483
	17484
	17485
	17486
	17487
	17488
	17489
	17490
	17491
	17492
	17493
	17494
	17495
	17496
	17497
	17498
	17499
	17500
	17501
	17502
	17503
	17504
	17505
	17506
	17507
	17508
	17509
	17510
	17511
	17512
	17513
	17514
	17515
	17516
	17517
	17518
	17519
	17520
	17521
	17522
	17523
	17524
	17525
	17526
	17527
	17528
	17529
	17530
	17531
	17532
	17533
	17534
	17535
	17536
	17537
	17538
	17539
	17540
	17541
	17542
	17543
	17544
	17545
	17546
	17547
	17548
	17549
	17550
	17551
	17552
	17553
	17554
	17555
	17556
	17557
	17558
	17559
	17560
	17561
	17562
	17563
	17564
	17565
	17566
	17567
	17568
	17569
	17570
	17571
	17572
	17573
	17574
	17575
	17576
	17577
	17578
	17579
	17580
	17581
	17582
	17583
	17584
	17585
	17586
	17587
	17588
	17589
	17590
	17591
	17592
	17593
	17594
	17595
	17596
	17597
	17598
	17599
	17600
	17601
	17602
	17603
	17604
	17605
	17606
	17607
	17608
	17609
	17610
	17611
	17612
	17613
	17614
	17615
	17616
	17617
	17618
	17619
	17620
	17621
	17622
	17623
	17624
	17625
	17626
	17627
	17628
	17629
	17630
	17631
	17632
	17633
	17634
	17635
	17636
	17637
	17638
	17639
	17640
	17641
	17642
	17643
	17644
	17645
	17646
	17647
	17648
	17649
	17650
	17651
	17652
	17653
	17654
	17655
	17656
	17657
	17658
	17659
	17660
	17661
	17662
	17663
	17664
	17665
	17666
	17667
	17668
	17669
	17670
	17671
	17672
	17673
	17674
	17675
	17676
	17677
	17678
	17679
	17680
	17681
	17682
	17683
	17684
	17685
	17686
	17687
	17688
	17689
	17690
	17691
	17692
	17693
	17694
	17695
	17696
	17697
	17698
	17699
	17700
	17701
	17702
	17703
	17704
	17705
	17706
	17707
	17708
	17709
	17710
	17711
	17712
	17713
	17714
	17715
	17716
	17717
	17718
	17719
	17720
	17721
	17722
	17723
	17724
	17725
	17726
	17727
	17728
	17729
	17730
	17731
	17732
	17733
	17734
	17735
	17736
	17737
	17738
	17739
	17740
	17741
	17742
	17743
	17744
	17745
	17746
	17747
	17748
	17749
	17750
	17751
	17752
	17753
	17754
	17755
	17756
	17757
	17758
	17759
	17760
	17761
	17762
	17763
	17764
	17765
	17766
	17767
	17768
	17769
	17770
	17771
	17772
	17773
	17774
	17775
	17776
	17777
	17778
	17779
	17780
	17781
	17782
	17783
	17784
	17785
	17786
	17787
	17788
	17789
	17790
	17791
	17792
	17793
	17794
	17795
	17796
	17797
	17798
	17799
	17800
	17801
	17802
	17803
	17804
	17805
	17806
	17807
	17808
	17809
	17810
	17811
	17812
	17813
	17814
	17815
	17816
	17817
	17818
	17819
	17820
	17821
	17822
	17823
	17824
	17825
	17826
	17827
	17828
	17829
	17830
	17831
	17832
	17833
	17834
	17835
	17836
	17837
	17838
	17839
	17840
	17841
	17842
	17843
	17844
	17845
	17846
	17847
	17848
	17849
	17850
	17851
	17852
	17853
	17854
	17855
	17856
	17857
	17858
	17859
	17860
	17861
	17862
	17863
	17864
	17865
	17866
	17867
	17868
	17869
	17870
	17871
	17872
	17873
	17874
	17875
	17876
	17877
	17878
	17879
	17880
	17881
	17882
	17883
	17884
	17885
	17886
	17887
	17888
	17889
	17890
	17891
	17892
	17893
	17894
	17895
	17896
	17897
	17898
	17899
	17900
	17901
	17902
	17903
	17904
	17905
	17906
	17907
	17908
	17909
	17910
	17911
	17912
	17913
	17914
	17915
	17916
	17917
	17918
	17919
	17920
	17921
	17922
	17923
	17924
	17925
	17926
	17927
	17928
	17929
	17930
	17931
	17932
	17933
	17934
	17935
	17936
	17937
	17938
	17939
	17940
	17941
	17942
	17943
	17944
	17945
	17946
	17947
	17948
	17949
	17950
	17951
	17952
	17953
	17954
	17955
	17956
	17957
	17958
	17959
	17960
	17961
	17962
	17963
	17964
	17965
	17966
	17967
	17968
	17969
	17970
	17971
	17972
	17973
	17974
	17975
	17976
	17977
	17978
	17979
	17980
	17981
	17982
	17983
	17984
	17985
	17986
	17987
	17988
	17989
	17990
	17991
	17992
	17993
	17994
	17995
	17996
	17997
	17998
	17999
	18000
	18001
	18002
	18003
	18004
	18005
	18006
	18007
	18008
	18009
	18010
	18011
	18012
	18013
	18014
	18015
	18016
	18017
	18018
	18019
	18020
	18021
	18022
	18023
	18024
	18025
	18026
	18027
	18028
	18029
	18030
	18031
	18032
	18033
	18034
	18035
	18036
	18037
	18038
	18039
	18040
	18041
	18042
	18043
	18044
	18045
	18046
	18047
	18048
	18049
	18050
	18051
	18052
	18053
	18054
	18055
	18056
	18057
	18058
	18059
	18060
	18061
	18062
	18063
	18064
	18065
	18066
	18067
	18068
	18069
	18070
	18071
	18072
	18073
	18074
	18075
	18076
	18077
	18078
	18079
	18080
	18081
	18082
	18083
	18084
	18085
	18086
	18087
	18088
	18089
	18090
	18091
	18092
	18093
	18094
	18095
	18096
	18097
	18098
	18099
	18100
	18101
	18102
	18103
	18104
	18105
	18106
	18107
	18108
	18109
	18110
	18111
	18112
	18113
	18114
	18115
	18116
	18117
	18118
	18119
	18120
	18121
	18122
	18123
	18124
	18125
	18126
	18127
	18128
	18129
	18130
	18131
	18132
	18133
	18134
	18135
	18136
	18137
	18138
	18139
	18140
	18141
	18142
	18143
	18144
	18145
	18146
	18147
	18148
	18149
	18150
	18151
	18152
	18153
	18154
	18155
	18156
	18157
	18158
	18159
	18160
	18161
	18162
	18163
	18164
	18165
	18166
	18167
	18168
	18169
	18170
	18171
	18172
	18173
	18174
	18175
	18176
	18177
	18178
	18179
	18180
	18181
	18182
	18183
	18184
	18185
	18186
	18187
	18188
	18189
	18190
	18191
	18192
	18193
	18194
	18195
	18196
	18197
	18198
	18199
	18200
	18201
	18202
	18203
	18204
	18205
	18206
	18207
	18208
	18209
	18210
	18211
	18212
	18213
	18214
	18215
	18216
	18217
	18218
	18219
	18220
	18221
	18222
	18223
	18224
	18225
	18226
	18227
	18228
	18229
	18230
	18231
	18232
	18233
	18234
	18235
	18236
	18237
	18238
	18239
	18240
	18241
	18242
	18243
	18244
	18245
	18246
	18247
	18248
	18249
	18250
	18251
	18252
	18253
	18254
	18255
	18256
	18257
	18258
	18259
	18260
	18261
	18262
	18263
	18264
	18265
	18266
	18267
	18268
	18269
	18270
	18271
	18272
	18273
	18274
	18275
	18276
	18277
	18278
	18279
	18280
	18281
	18282
	18283
	18284
	18285
	18286
	18287
	18288
	18289
	18290
	18291
	18292
	18293
	18294
	18295
	18296
	18297
	18298
	18299
	18300
	18301
	18302
	18303
	18304
	18305
	18306
	18307
	18308
	18309
	18310
	18311
	18312
	18313
	18314
	18315
	18316
	18317
	18318
	18319
	18320
	18321
	18322
	18323
	18324
	18325
	18326
	18327
	18328
	18329
	18330
	18331
	18332
	18333
	18334
	18335
	18336
	18337
	18338
	18339
	18340
	18341
	18342
	18343
	18344
	18345
	18346
	18347
	18348
	18349
	18350
	18351
	18352
	18353
	18354
	18355
	18356
	18357
	18358
	18359
	18360
	18361
	18362
	18363
	18364
	18365
	18366
	18367
	18368
	18369
	18370
	18371
	18372
	18373
	18374
	18375
	18376
	18377
	18378
	18379
	18380
	18381
	18382
	18383
	18384
	18385
	18386
	18387
	18388
	18389
	18390
	18391
	18392
	18393
	18394
	18395
	18396
	18397
	18398
	18399
	18400
	18401
	18402
	18403
	18404
	18405
	18406
	18407
	18408
	18409
	18410
	18411
	18412
	18413
	18414
	18415
	18416
	18417
	18418
	18419
	18420
	18421
	18422
	18423
	18424
	18425
	18426
	18427
	18428
	18429
	18430
	18431
	18432
	18433
	18434
	18435
	18436
	18437
	18438
	18439
	18440
	18441
	18442
	18443
	18444
	18445
	18446
	18447
	18448
	18449
	18450
	18451
	18452
	18453
	18454
	18455
	18456
	18457
	18458
	18459
	18460
	18461
	18462
	18463
	18464
	18465
	18466
	18467
	18468
	18469
	18470
	18471
	18472
	18473
	18474
	18475
	18476
	18477
	18478
	18479
	18480
	18481
	18482
	18483
	18484
	18485
	18486
	18487
	18488
	18489
	18490
	18491
	18492
	18493
	18494
	18495
	18496
	18497
	18498
	18499
	18500
	18501
	18502
	18503
	18504
	18505
	18506
	18507
	18508
	18509
	18510
	18511
	18512
	18513
	18514
	18515
	18516
	18517
	18518
	18519
	18520
	18521
	18522
	18523
	18524
	18525
	18526
	18527
	18528
	18529
	18530
	18531
	18532
	18533
	18534
	18535
	18536
	18537
	18538
	18539
	18540
	18541
	18542
	18543
	18544
	18545
	18546
	18547
	18548
	18549
	18550
	18551
	18552
	18553
	18554
	18555
	18556
	18557
	18558
	18559
	18560
	18561
	18562
	18563
	18564
	18565
	18566
	18567
	18568
	18569
	18570
	18571
	18572
	18573
	18574
	18575
	18576
	18577
	18578
	18579
	18580
	18581
	18582
	18583
	18584
	18585
	18586
	18587
	18588
	18589
	18590
	18591
	18592
	18593
	18594
	18595
	18596
	18597
	18598
	18599
	18600
	18601
	18602
	18603
	18604
	18605
	18606
	18607
	18608
	18609
	18610
	18611
	18612
	18613
	18614
	18615
	18616
	18617
	18618
	18619
	18620
	18621
	18622
	18623
	18624
	18625
	18626
	18627
	18628
	18629
	18630
	18631
	18632
	18633
	18634
	18635
	18636
	18637
	18638
	18639
	18640
	18641
	18642
	18643
	18644
	18645
	18646
	18647
	18648
	18649
	18650
	18651
	18652
	18653
	18654
	18655
	18656
	18657
	18658
	18659
	18660
	18661
	18662
	18663
	18664
	18665
	18666
	18667
	18668
	18669
	18670
	18671
	18672
	18673
	18674
	18675
	18676
	18677
	18678
	18679
	18680
	18681
	18682
	18683
	18684
	18685
	18686
	18687
	18688
	18689
	18690
	18691
	18692
	18693
	18694
	18695
	18696
	18697
	18698
	18699
	18700
	18701
	18702
	18703
	18704
	18705
	18706
	18707
	18708
	18709
	18710
	18711
	18712
	18713
	18714
	18715
	18716
	18717
	18718
	18719
	18720
	18721
	18722
	18723
	18724
	18725
	18726
	18727
	18728
	18729
	18730
	18731
	18732
	18733
	18734
	18735
	18736
	18737
	18738
	18739
	18740
	18741
	18742
	18743
	18744
	18745
	18746
	18747
	18748
	18749
	18750
	18751
	18752
	18753
	18754
	18755
	18756
	18757
	18758
	18759
	18760
	18761
	18762
	18763
	18764
	18765
	18766
	18767
	18768
	18769
	18770
	18771
	18772
	18773
	18774
	18775
	18776
	18777
	18778
	18779
	18780
	18781
	18782
	18783
	18784
	18785
	18786
	18787
	18788
	18789
	18790
	18791
	18792
	18793
	18794
	18795
	18796
	18797
	18798
	18799
	18800
	18801
	18802
	18803
	18804
	18805
	18806
	18807
	18808
	18809
	18810
	18811
	18812
	18813
	18814
	18815
	18816
	18817
	18818
	18819
	18820
	18821
	18822
	18823
	18824
	18825
	18826
	18827
	18828
	18829
	18830
	18831
	18832
	18833
	18834
	18835
	18836
	18837
	18838
	18839
	18840
	18841
	18842
	18843
	18844
	18845
	18846
	18847
	18848
	18849
	18850
	18851
	18852
	18853
	18854
	18855
	18856
	18857
	18858
	18859
	18860
	18861
	18862
	18863
	18864
	18865
	18866
	18867
	18868
	18869
	18870
	18871
	18872
	18873
	18874
	18875
	18876
	18877
	18878
	18879
	18880
	18881
	18882
	18883
	18884
	18885
	18886
	18887
	18888
	18889
	18890
	18891
	18892
	18893
	18894
	18895
	18896
	18897
	18898
	18899
	18900
	18901
	18902
	18903
	18904
	18905
	18906
	18907
	18908
	18909
	18910
	18911
	18912
	18913
	18914
	18915
	18916
	18917
	18918
	18919
	18920
	18921
	18922
	18923
	18924
	18925
	18926
	18927
	18928
	18929
	18930
	18931
	18932
	18933
	18934
	18935
	18936
	18937
	18938
	18939
	18940
	18941
	18942
	18943
	18944
	18945
	18946
	18947
	18948
	18949
	18950
	18951
	18952
	18953
	18954
	18955
	18956
	18957
	18958
	18959
	18960
	18961
	18962
	18963
	18964
	18965
	18966
	18967
	18968
	18969
	18970
	18971
	18972
	18973
	18974
	18975
	18976
	18977
	18978
	18979
	18980
	18981
	18982
	18983
	18984
	18985
	18986
	18987
	18988
	18989
	18990
	18991
	18992
	18993
	18994
	18995
	18996
	18997
	18998
	18999
	19000
	19001
	19002
	19003
	19004
	19005
	19006
	19007
	19008
	19009
	19010
	19011
	19012
	19013
	19014
	19015
	19016
	19017
	19018
	19019
	19020
	19021
	19022
	19023
	19024
	19025
	19026
	19027
	19028
	19029
	19030
	19031
	19032
	19033
	19034
	19035
	19036
	19037
	19038
	19039
	19040
	19041
	19042
	19043
	19044
	19045
	19046
	19047
	19048
	19049
	19050
	19051
	19052
	19053
	19054
	19055
	19056
	19057
	19058
	19059
	19060
	19061
	19062
	19063
	19064
	19065
	19066
	19067
	19068
	19069
	19070
	19071
	19072
	19073
	19074
	19075
	19076
	19077
	19078
	19079
	19080
	19081
	19082
	19083
	19084
	19085
	19086
	19087
	19088
	19089
	19090
	19091
	19092
	19093
	19094
	19095
	19096
	19097
	19098
	19099
	19100
	19101
	19102
	19103
	19104
	19105
	19106
	19107
	19108
	19109
	19110
	19111
	19112
	19113
	19114
	19115
	19116
	19117
	19118
	19119
	19120
	19121
	19122
	19123
	19124
	19125
	19126
	19127
	19128
	19129
	19130
	19131
	19132
	19133
	19134
	19135
	19136
	19137
	19138
	19139
	19140
	19141
	19142
	19143
	19144
	19145
	19146
	19147
	19148
	19149
	19150
	19151
	19152
	19153
	19154
	19155
	19156
	19157
	19158
	19159
	19160
	19161
	19162
	19163
	19164
	19165
	19166
	19167
	19168
	19169
	19170
	19171
	19172
	19173
	19174
	19175
	19176
	19177
	19178
	19179
	19180
	19181
	19182
	19183
	19184
	19185
	19186
	19187
	19188
	19189
	19190
	19191
	19192
	19193
	19194
	19195
	19196
	19197
	19198
	19199
	19200
	19201
	19202
	19203
	19204
	19205
	19206
	19207
	19208
	19209
	19210
	19211
	19212
	19213
	19214
	19215
	19216
	19217
	19218
	19219
	19220
	19221
	19222
	19223
	19224
	19225
	19226
	19227
	19228
