6
7
8
9
11
12
13
14
16
17
18
19
21
22
23
24
26
27
28
29
31
32
33
34
36
37
38
39
41
42
43
44
46
47
48
49
51
52
53
54
56
57
58
59
61
62
63
64
66
67
68
69
71
72
73
74
76
77
78
79
81
82
83
84
86
87
88
89
91
92
93
94
96
97
98
99
101
102
103
104
106
107
108
109
111
112
113
114
116
117
118
119
121
122
123
124
126
127
128
129
131
132
133
134
136
137
138
139
141
142
143
144
146
147
148
149
151
152
153
154
156
157
158
159
161
162
163
164
166
167
168
169
171
172
173
174
176
177
178
179
181
182
183
184
186
187
188
189
191
192
193
194
196
197
198
199
201
202
203
204
206
207
208
209
211
212
213
214
216
217
218
219
221
222
223
224
226
227
228
229
231
232
233
234
236
237
238
239
241
242
243
244
246
247
248
249
251
252
253
254
256
257
258
259
261
262
263
264
266
267
268
269
271
272
273
274
276
277
278
279
281
282
283
284
286
287
288
289
291
292
293
294
296
297
298
299
301
302
303
304
306
307
308
309
311
312
313
314
316
317
318
319
321
322
323
324
326
327
328
329
331
332
333
334
336
337
338
339
341
342
343
344
346
347
348
349
351
352
353
354
356
357
358
359
361
362
363
364
366
367
368
369
371
372
373
374
376
377
378
379
381
382
383
384
386
387
388
389
391
392
393
394
396
397
398
399
401
402
403
404
406
407
408
409
411
412
413
414
416
417
418
419
421
422
423
424
426
427
428
429
431
432
433
434
436
437
438
439
441
442
443
444
446
447
448
449
451
452
453
454
456
457
458
459
461
462
463
464
466
467
468
469
471
472
473
474
476
477
478
479
481
482
483
484
486
487
488
489
491
492
493
494
496
497
498
499
501
502
503
504
506
507
508
509
511
512
513
514
516
517
518
519
521
522
523
524
526
527
528
529
531
532
533
534
536
537
538
539
541
542
543
544
546
547
548
549
551
552
553
554
556
557
558
559
561
562
563
564
566
567
568
569
571
572
573
574
576
577
578
579
581
582
583
584
586
587
588
589
591
592
593
594
596
597
598
599
601
602
603
604
606
607
608
609
611
612
613
614
616
617
618
619
621
622
623
624
626
627
628
629
631
632
633
634
636
637
638
639
641
642
643
644
646
647
648
649
651
652
653
654
656
657
658
659
661
662
663
664
666
667
668
669
671
672
673
674
676
677
678
679
681
682
683
684
686
687
688
689
691
692
693
694
696
697
698
699
701
702
703
704
706
707
708
709
711
712
713
714
716
717
718
719
721
722
723
724
726
727
728
729
731
732
733
734
736
737
738
739
741
742
743
744
746
747
748
749
751
752
753
754
756
757
758
759
761
762
763
764
766
767
768
769
771
772
773
774
776
777
778
779
781
782
783
784
786
787
788
789
791
792
793
794
796
797
798
799
801
802
803
804
806
807
808
809
811
812
813
814
816
817
818
819
821
822
823
824
826
827
828
829
831
832
833
834
836
837
838
839
841
842
843
844
846
847
848
849
851
852
853
854
856
857
858
859
861
862
863
864
866
867
868
869
871
872
873
874
876
877
878
879
881
882
883
884
886
887
888
889
891
892
893
894
896
897
898
899
901
902
903
904
906
907
908
909
911
912
913
914
916
917
918
919
921
922
923
924
926
927
928
929
931
932
933
934
936
937
938
939
941
942
943
944
946
947
948
949
951
952
953
954
956
957
958
959
961
962
963
964
966
967
968
969
971
972
973
974
976
977
978
979
981
982
983
984
986
987
988
989
991
992
993
994
996
997
998
999
1001
1002
1003
1004
1006
1007
1008
1009
1011
1012
1013
1014
1016
1017
1018
1019
1021
1022
1023
1024
1026
1027
1028
1029
1031
1032
1033
1034
1036
1037
1038
1039
1041
1042
1043
1044
1046
1047
1048
1049
1051
1052
1053
1054
1056
1057
1058
1059
1061
1062
1063
1064
1066
1067
1068
1069
1071
1072
1073
1074
1076
1077
1078
1079
1081
1082
1083
1084
1086
1087
1088
1089
1091
1092
1093
1094
1096
1097
1098
1099
1101
1102
1103
1104
1106
1107
1108
1109
1111
1112
1113
1114
1116
1117
1118
1119
1121
1122
1123
1124
1126
1127
1128
1129
1131
1132
1133
1134
1136
1137
1138
1139
1141
1142
1143
1144
1146
1147
1148
1149
1151
1152
1153
1154
1156
1157
1158
1159
1161
1162
1163
1164
1166
1167
1168
1169
1171
1172
1173
1174
1176
1177
1178
1179
1181
1182
1183
1184
1186
1187
1188
1189
1191
1192
1193
1194
1196
1197
1198
1199
1201
1202
1203
1204
1206
1207
1208
1209
1211
1212
1213
1214
1216
1217
1218
1219
1221
1222
1223
1224
1226
1227
1228
1229
1231
1232
1233
1234
1236
1237
1238
1239
1241
1242
1243
1244
1246
1247
1248
1249
1251
1252
1253
1254
1256
1257
1258
1259
1261
1262
1263
1264
1266
1267
1268
1269
1271
1272
1273
1274
1276
1277
1278
1279
1281
1282
1283
1284
1286
1287
1288
1289
1291
1292
1293
1294
1296
1297
1298
1299
1301
1302
1303
1304
1306
1307
1308
1309
1311
1312
1313
1314
1316
1317
1318
1319
1321
1322
1323
1324
1326
1327
1328
1329
1331
1332
1333
1334
1336
1337
1338
1339
1341
1342
1343
1344
1346
1347
1348
1349
1351
1352
1353
1354
1356
1357
1358
1359
1361
1362
1363
1364
1366
1367
1368
1369
1371
1372
1373
1374
1376
1377
1378
1379
1381
1382
1383
1384
1386
1387
1388
1389
1391
1392
1393
1394
1396
1397
1398
1399
1401
1402
1403
1404
1406
1407
1408
1409
1411
1412
1413
1414
1416
1417
1418
1419
1421
1422
1423
1424
1426
1427
1428
1429
1431
1432
1433
1434
1436
1437
1438
1439
1441
1442
1443
1444
1446
1447
1448
1449
1451
1452
1453
1454
1456
1457
1458
1459
1461
1462
1463
1464
1466
1467
1468
1469
1471
1472
1473
1474
1476
1477
1478
1479
1481
1482
1483
1484
1486
1487
1488
1489
1491
1492
1493
1494
1496
1497
1498
1499
1501
1502
1503
1504
0
0
0
0
1
2
3
4
5
10
15
20
25
30
35
40
45
50
55
60
65
70
75
80
85
90
95
100
105
110
115
120
125
130
135
140
145
150
155
160
165
170
175
180
185
190
195
200
205
210
215
220
225
230
235
240
245
250
255
260
265
270
275
280
285
290
295
300
305
310
315
320
325
330
335
340
345
350
355
360
365
370
375
380
385
390
395
400
405
410
415
420
425
430
435
440
445
450
455
460
465
470
475
480
485
490
495
500
505
510
515
520
525
530
535
540
545
550
555
560
565
570
575
580
585
590
595
600
605
610
615
620
625
630
635
640
645
650
655
660
665
670
675
680
685
690
695
700
705
710
715
720
725
730
735
740
745
750
755
760
765
770
775
780
785
790
795
800
805
810
815
820
825
830
835
840
845
850
855
860
865
870
875
880
885
890
895
900
905
910
915
920
925
930
935
940
945
950
955
960
965
970
975
980
985
990
995
1000
1005
1010
1015
1020
1025
1030
1035
1040
1045
1050
1055
1060
1065
1070
1075
1080
1085
1090
1095
1100
1105
1110
1115
1120
1125
1130
1135
1140
1145
1150
1155
1160
1165
1170
1175
1180
1185
1190
1195
1200
1205
1210
1215
1220
1225
1230
1235
1240
1245
1250
1255
1260
1265
1270
1275
1280
1285
1290
1295
1300
1305
1310
1315
1320
1325
1330
1335
1340
1345
1350
1355
1360
1365
1370
1375
1380
1385
1390
1395
1400
1405
1410
1415
1420
1425
1430
1435
1440
1445
1450
1455
1460
1465
1470
1475
1480
1485
1490
1495
1500
1505
0
0
0
0
0
0
0
0
0
0
0
0
0
0
0
0
0
0
0
0
0
0
0
0
0
0
0
0
0
0
0
0
0
0
0
0
0
0
0
0
0
0
0
0
0
0
0
0
0
0
0
0
0
0
0
0
0
0
0
0
0
0
0
0
0
0
0
0
0
0
0
0
0
0
0
0
0
0
0
0
0
0
0
0
0
0
0
0
0
0
0
0
0
0
0
0
0
0
0
0
0
0
0
0
0
0
0
0
0
0
0
0
0
0
0
0
0
0
0
0
0
0
0
0
0
0
0
0
0
0
0
0
0
0
0
0
0
0
0
0
0
0
0
0
0
0
0
0
0
0
0
0
0
0
0
0
0
0
0
0
0
0
0
0
0
0
0
0
0
0
0
0
0
0
0
0
0
0
0
0
0
0
0
0
0
0
0
0
0
0
0
0
0
0
0
0
0
0
0
0
0
0
0
0
0
0
0
0
0
0
0
0
0
0
0
0
0
0
0
0
0
0
0
0
0
0
0
0
0
0
0
0
0
0
0
0
0
0
0
0
0
0
0
0
0
0
0
0
0
0
0
0
0
0
0
0
0
0
0
0
0
0
0
0
0
0
0
0
0
0
0
0
0
0
0
0
0
0
0
0
0
0
0
0
0
0
0
0
0
0
0
0
0
0
0
0
0
0
0
0
0
0
0
0
0
0
0
0
0
0
0
0
0
0
0
0
0
0
0
0
0
0
0
0
0
0
0
0
0
0
0
0
0
0
0
0
0
0
0
0
0
0
0
0
0
0
0
0
0
0
0
0
0
0
0
0
0
0
0
0
0
0
0
0
0
0
0
0
0
0
0
0
0
0
0
0
0
0
0
0
0
0
0
0
0
0
0
0
0
0
0
0
0
0
0
0
0
0
0
0
0
0
0
0
0
0
0
0
0
0
0
0
0
0
0
0
0
0
0
0
0
0
0
0
0
0
0
0
0
0
0
0
0
0
0
0
0
0
0
0
0
0
0
0
0
0
0
0
0
0
0
0
0
0
0
0
0
0
0
0
0
0
0
0
0
0
0
0
0
0
0
0
0
0
0
0
0
0
0
0
0
0
0
0
0
0
0
0
0
0
0
0
0
0
0
0
0
0
0
0
0
0
0
0
0
0
0
0
0
0
0
0
0
0
0
0
0
0
0
0
0
0
0
0
0
0
0
0
0
0
0
0
0
0
0
0
0
0
0
0
0
0
0
0
0
0
0
0
0
0
0
0
0
0
0
0
0
0
0
0
0
0
0
0
0
0
0
0
0
0
0
0
0
0
0
0
0
0
0
0
0
0
0
0
0
0
0
0
0
0
0
0
0
0
0
0
0
0
0
0
0
0
0
0
0
0
0
0
0
0
0
0
0
0
0
0
0
0
0
0
0
0
0
0
0
0
0
0
0
0
0
0
0
0
0
0
0
0
0
0
0
0
0
0
0
0
0
0
0
0
0
0
0
0
0
0
0
0
0
0
0
0
0
0
0
0
0
0
0
0
0
0
0
0
0
0
0
0
0
0
0
0
0
0
0
0
0
0
0
0
0
0
0
0
0
0
0
0
0
0
0
0
0
0
0
0
0
0
0
0
0
0
0
0
0
0
0
0
0
0
0
0
0
0
0
0
0
0
0
0
0
0
0
0
0
0
0
0
0
0
0
0
0
0
0
0
0
0
0
0
0
0
0
0
0
0
0
0
0
0
0
0
0
0
0
0
0
0
0
0
0
0
0
0
0
0
0
0
0
0
0
0
0
0
0
0
0
0
0
0
0
0
0
0
0
0
0
0
0
0
0
0
0
0
0
0
0
0
0
0
0
0
0
0
0
0
0
0
0
0
0
0
0
0
0
0
0
0
0
0
0
0
0
0
0
0
0
0
0
0
0
0
0
0
0
0
0
0
0
0
0
0
0
0
0
0
0
0
0
0
0
0
0
0
0
0
0
0
0
0
0
0
0
0
0
0
0
0
0
0
0
0
0
0
0
0
0
0
0
0
0
0
0
0
0
0
0
0
0
0
0
0
0
0
0
0
0
0
0
0
0
0
0
0
0
0
0
0
0
0
0
0
0
0
0
0
0
0
0
0
0
0
0
0
0
0
0
0
0
0
0
0
0
0
0
0
0
0
0
0
0
0
0
0
0
0
0
0
0
0
0
0
0
0
0
0
0
0
0
0
0
0
0
0
0
0
0
0
0
0
0
0
0
0
0
0
0
0
0
0
0
0
0
0
0
0
0
0
0
0
0
0
0
0
0
0
0
0
0
0
0
0
0
0
0
0
0
0
0
0
0
0
0
0
0
0
0
0
0
0
0
0
0
0
0
0
0
0
0
0
0
0
0
0
0
0
0
0
0
0
0
0
0
0
0
0
0
0
0
0
0
0
0
0
0
0
0
0
0
0
0
0
0
0
0
0
0
0
0
0
0
0
0
0
0
0
0
0
0
0
0
0
0
0
0
0
0
0
0
0
0
0
0
0
0
0
0
0
0
0
0
0
0
0
0
0
0
0
0
0
0
0
0
0
0
0
0
0
0
0
0
0
0
0
0
0
0
0
0
0
0
0
0
0
0
0
0
0
0
0
0
0
0
0
0
0
0
0
0
0
0
0
0
0
0
0
0
0
0
0
0
0
0
0
0
0
0
0
0
0
0
0
0
0
0
0
0
0
0
0
0
0
0
0
0
0
0
0
0
0
0
0
0
0
0
0
0
0
0
0
0
0
0
0
0
0
0
0
0
0
0
0
0
0
0
0
0
0
0
0
0
0
0
0
0
0
0
0
0
0
0
0
0
0
0
0
0
0
0
0
0
0
0
0
0
0
0
0
0
0
0
0
0
0
0
0
0
0
0
0
0
0
0
0
0
0
0
0
0
0
0
0
0
0
0
0
0
0
0
0
0
0
0
0
0
0
0
0
0
0
0
0
0
0
0
0
0
0
0
0
0
0
0
0
0
0
0
0
0
0
0
0
0
0
0
0
0
0
0
0
0
0
0
0
0
0
0
0
0
0
0
0
0
0
0
0
0
0
0
0
0
0
0
0
0
0
0
0
0
0
0
0
0
0
0
0
0
0
0
0
0
0
0
0
0
0
0
0
0
0
0
0
0
0
0
0
0
0
0
0
0
0
0
0
0
0
0
0
0
0
0
0
0
0
0
0
0
0
0
0
0
0
0
0
0
0
0
0
0
0
0
0
0
0
0
0
0
0
0
0
0
0
0
0
0
0
0
0
0
0
0
0
0
0
0
0
0
0
0
0
0
0
0
0
0
0
0
0
0
0
0
0
0
0
0
0
0
0
0
0
0
0
0
0
0
0
0
0
0
0
0
0
0
0
0
0
0
0
0
0
0
0
0
0
0
0
0
0
0
0
