	1
	16
	28
	37
	46
	56
	68
	79
	94
	106
	115
	124
	134
	146
	157
	172
	184
	193
	202
	212
	224
	235
	250
	262
	271
	280
	290
	302
	313
	328
	340
	349
	358
	368
	380
	391
	406
	418
	427
	436
	446
	458
	469
	484
	496
	505
	514
	524
	536
	547
	562
	574
	583
	592
	602
	614
	625
	640
	652
	661
	670
	680
	692
	703
	718
	730
	739
	748
	758
	770
	781
	796
	808
	817
	826
	836
	848
	859
	874
	886
	895
	904
	914
	926
	937
	952
	964
	973
	982
	992
	1004
	1015
	1030
	1042
	1051
	1060
	1070
	1082
	1093
	1108
	1120
	1129
	1138
	1148
	1160
	1171
	1186
	1198
	1207
	1216
	1226
	1238
	1249
	1264
	1276
	1285
	1294
	1304
	1316
	1327
	1342
	1354
	1363
	1372
	1382
	1394
	1405
	1420
	1432
	1441
	1450
	1460
	1472
	1483
	1498
	1510
	1519
	1528
	1538
	1550
	1561
	1576
	1588
	1597
	1606
	1616
	1628
	1639
	1654
	1666
	1675
	1684
	1694
	1706
	1717
	1732
	1744
	1753
	1762
	1772
	1784
	1795
	1810
	1822
	1831
	1840
	1850
	1862
	1873
	1888
	1900
	1909
	1918
	1928
	1940
	1951
	1966
	1978
	1987
	1996
	2006
	2018
	2029
	2044
	2056
	2065
	2074
	2084
	2096
	2107
	2122
	2134
	2143
	2152
	2162
	2174
	2185
	2200
	2212
	2221
	2230
	2240
	2252
	2263
	2278
	2290
	2299
	2308
	2318
	2330
	2341
	2356
	2368
	2377
	2386
	2396
	2408
	2419
	2434
	2446
	2455
	2464
	2474
	2486
	2497
	2512
	2524
	2533
	2542
	2552
	2564
	2575
	2590
	2602
	2611
	2620
	2630
	2642
	2653
	2668
	2680
	2689
	2698
	2708
	2720
	2731
	2746
	2758
	2767
	2776
	2786
	2798
	2809
	2824
	2836
	2845
	2854
	2864
	2876
	2887
	2902
	2914
	2923
	2932
	2942
	2954
	2965
	2980
	2992
	3001
	3010
	3020
	3032
	3043
	3058
	3070
	3079
	3088
	3098
	3110
	3121
	3136
	3148
	3157
	3166
	3176
	3188
	3199
	3214
	3226
	3235
	3244
	3254
	3266
	3277
	3292
	3304
	3313
	3322
	3332
	3344
	3355
	3370
	3382
	3391
	3400
	3410
	3422
	3433
	3448
	3460
	3469
	3478
	3488
	3500
	3511
	3526
	3538
	3547
	3556
	3566
	3578
	3589
	3604
	3616
	3625
	3634
	3644
	3656
	3667
	3682
	3694
	3703
	3712
	3722
	3734
	3745
	3760
	3772
	3781
	3790
	3800
	3812
	3823
	3838
	3850
	3859
	3868
	3878
	3890
	3901
	3916
	3928
	3937
	3946
	3956
	3968
	3979
	3994
	4006
	4015
	4024
	4034
	4046
	4057
	4072
	4084
	4093
	4102
	4112
	4124
	4135
	4150
	4162
	4171
	4180
	4190
	4202
	4213
	4228
	4240
	4249
	4258
	4268
	4280
	4291
	4306
	4318
	4327
	4336
	4346
	4358
	4369
	4384
	4396
	4405
	4414
	4424
	4436
	4447
	4462
	4474
	4483
	4492
	4502
	4514
	4525
	4540
	4552
	4561
	4570
	4580
	4592
	4603
	4618
	4630
	4639
	4648
	4658
	4670
	4681
	4696
	4708
	4717
	4726
	4736
	4748
	4759
	4774
	4786
	4795
	4804
	4814
	4826
	4837
	4852
	4864
	4873
	4882
	4892
	4904
	4915
	4930
	4942
	4951
	4960
	4970
	4982
	4993
	5008
	5020
	5029
	5038
	5048
	5060
	5071
	5086
	5098
	5107
	5116
	5126
	5138
	5149
	5164
	5176
	5185
	5194
	5204
	5216
	5227
	5242
	5254
	5263
	5272
	5282
	5294
	5305
	5320
	5332
	5341
	5350
	5360
	5372
	5383
	5398
	5410
	5419
	5428
	5438
	5450
	5461
	5476
	5488
	5497
	5506
	5516
	5528
	5539
	5554
	5566
	5575
	5584
	5594
	5606
	5617
	5632
	5644
	5653
	5662
	5672
	5684
	5695
	5710
	5722
	5731
	5740
	5750
	5762
	5773
	5788
	5800
	5809
	5818
	5828
	5840
	5851
	5866
	5878
	5887
	5896
	5906
	5918
	5929
	5944
	5956
	5965
	5974
	5984
	5996
	6007
	6022
	6034
	6043
	6052
	6062
	6074
	6085
	6100
	6112
	6121
	6130
	6140
	6152
	6163
	6178
	6190
	6199
	6208
	6218
	6230
	6241
	6256
	6268
	6277
	6286
	6296
	6308
	6319
	6334
	6346
	6355
	6364
	6374
	6386
	6397
	6412
	6424
	6433
	6442
	6452
	6464
	6475
	6490
	6502
	6511
	6520
	6530
	6542
	6553
	6568
	6580
	6589
	6598
	6608
	6620
	6631
	6646
	6658
	6667
	6676
	6686
	6698
	6709
	6724
	6736
	6745
	6754
	6764
	6776
	6787
	6802
	6814
	6823
	6832
	6842
	6854
	6865
	6880
	6892
	6901
	6910
	6920
	6932
	6943
	6958
	6970
	6979
	6988
	6998
	7010
	7021
	7036
	7048
	7057
	7066
	7076
	7088
	7099
	7114
	7126
	7135
	7144
	7154
	7166
	7177
	7192
	7204
	7213
	7222
	7232
	7244
	7255
	7270
	7282
	7291
	7300
	7310
	7322
	7333
	7348
	7360
	7369
	7378
	7388
	7400
	7411
	7426
	7438
	7447
	7456
	7466
	7478
	7489
	7504
	7516
	7525
	7534
	7544
	7556
	7567
	7582
	7594
	7603
	7612
	7622
	7634
	7645
	7660
	7672
	7681
	7690
	7700
	7712
	7723
	7738
	7750
	7759
	7768
	7778
	7790
	7801
	7816
	7828
	7837
	7846
	7856
	7868
	7879
	7894
	7906
	7915
	7924
	7934
	7946
	7957
	7972
	7984
	7993
	8002
	8012
	8024
	8035
	8050
	8062
	8071
	8080
	8090
	8102
	8113
	8128
	8140
	8149
	8158
	8168
	8180
	8191
	8206
	8218
	8227
	8236
	8246
	8258
	8269
	8284
	8296
	8305
	8314
	8324
	8336
	8347
	8362
	8374
	8383
	8392
	8402
	8414
	8425
	8440
	8452
	8461
	8470
	8480
	8492
	8503
	8518
	8530
	8539
	8548
	8558
	8570
	8581
	8596
	8608
	8617
	8626
	8636
	8648
	8659
	8674
	8686
	8695
	8704
	8714
	8726
	8737
	8752
	8764
	8773
	8782
	8792
	8804
	8815
	8830
	8842
	8851
	8860
	8870
	8882
	8893
	8908
	8920
	8929
	8938
	8948
	8960
	8971
	8986
	8998
	9007
	9016
	9026
	9038
	9049
	9064
	9076
	9085
	9094
	9104
	9116
	9127
	9142
	9154
	9163
	9172
	9182
	9194
	9205
	9220
	9232
	9241
	9250
	9260
	9272
	9283
	9298
	9310
	9319
	9328
	9338
	9350
	9361
	9376
	9388
	9397
	9406
	9416
	9428
	9439
	9454
	9466
	9475
	9484
	9494
	9506
	9517
	9532
	9544
	9553
	9562
	9572
	9584
	9595
	9610
	9622
	9631
	9640
	9650
	9662
	9673
	9688
	9700
	9709
	9718
	9728
	9740
	9751
	9766
	9778
	9787
	9796
	9806
	9818
	9829
	9844
	9856
	9865
	9874
	9884
	9896
	9907
	9922
	9934
	9943
	9952
	9962
	9974
	9985
	10000
	10012
	10021
	10030
	10040
	10052
	10063
	10078
	10090
	10099
	10108
	10118
	10130
	10141
	10156
	10168
	10177
	10186
	10196
	10208
	10219
	10234
	10246
	10255
	10264
	10274
	10286
	10297
	10312
	10324
	10333
	10342
	10352
	10364
	10375
	10390
	10402
	10411
	10420
	10430
	10442
	10453
	10468
	10480
	10489
	10498
	10508
	10520
	10531
	10546
	10558
	10567
	10576
	10586
	10598
	10609
	10624
	10636
	10645
	10654
	10664
	10676
	10687
	10702
	10714
	10723
	10732
	10742
	10754
	10765
	10780
	10792
	10801
	10810
	10820
	10832
	10843
	10858
	10870
	10879
	10888
	10898
	10910
	10921
	10936
	10948
	10957
	10966
	10976
	10988
	10999
	11014
	11026
	11035
	11044
	11054
	11066
	11077
	11092
	11104
	11113
	11122
	11132
	11144
	11155
	11170
	11182
	11191
	11200
	11210
	11222
	11233
	11248
	11260
	11269
	11278
	11288
	11300
	11311
	11326
	11338
	11347
	11356
	11366
	11378
	11389
	11404
	11416
	11425
	11434
	11444
	11456
	11467
	11482
	11494
	11503
	11512
	11522
	11534
	11545
	11560
	11572
	11581
	11590
	11600
	11612
	11623
	11635
	11644
	11650
	11656
	11663
	11672
	11680
	11692
	11701
	11707
	11713
	11720
	11729
	11737
	11749
	11758
	11764
	11770
	11777
	11786
	11794
	11806
	11815
	11821
	11827
	11834
	11843
	11851
	11863
	11872
	11878
	11884
	11891
	11900
	11908
	11920
	11929
	11935
	11941
	11948
	11957
	11965
	11977
	11986
	11992
	11998
	12005
	12014
	12022
	12034
	12043
	12049
	12055
	12062
	12071
	12079
	12091
	12100
	12106
	12112
	12119
	12128
	12136
	12148
	12157
	12163
	12169
	12176
	12185
	12193
	12205
	12214
	12220
	12226
	12233
	12242
	12250
	12262
	12271
	12277
	12283
	12290
	12299
	12307
	12319
	12328
	12334
	12340
	12347
	12356
	12364
	12376
	12385
	12391
	12397
	12404
	12413
	12421
	12433
	12442
	12448
	12454
	12461
	12470
	12478
	12490
	12499
	12505
	12511
	12518
	12527
	12535
	12547
	12556
	12562
	12568
	12575
	12584
	12592
	12604
	12613
	12619
	12625
	12632
	12641
	12649
	12661
	12670
	12676
	12682
	12689
	12698
	12706
	12718
	12727
	12733
	12739
	12746
	12755
	12763
	12775
	12784
	12790
	12796
	12803
	12812
	12820
	12832
	12841
	12847
	12853
	12860
	12869
	12877
	12889
	12898
	12904
	12910
	12917
	12926
	12934
	12946
	12955
	12961
	12967
	12974
	12983
	12991
	13003
	13012
	13018
	13024
	13031
	13040
	13048
	13060
	13069
	13075
	13081
	13088
	13097
	13105
	13117
	13126
	13132
	13138
	13145
	13154
	13162
	13174
	13183
	13189
	13195
	13202
	13211
	13219
	13231
	13240
	13246
	13252
	13259
	13268
	13276
	13288
	13297
	13303
	13309
	13316
	13325
	13333
	13345
	13354
	13360
	13366
	13373
	13382
	13390
	13402
	13411
	13417
	13423
	13430
	13439
	13447
	13459
	13468
	13474
	13480
	13487
	13496
	13504
	13516
	13525
	13531
	13537
	13544
	13553
	13561
	13573
	13582
	13588
	13594
	13601
	13610
	13618
	13630
	13639
	13645
	13651
	13658
	13667
	13675
	13687
	13696
	13702
	13708
	13715
	13724
	13732
	13744
	13753
	13759
	13765
	13772
	13781
	13789
	13801
	13810
	13816
	13822
	13829
	13838
	13846
	13858
	13867
	13873
	13879
	13886
	13895
	13903
	13915
	13924
	13930
	13936
	13943
	13952
	13960
	13972
	13981
	13987
	13993
	14000
	14009
	14017
	14029
	14038
	14044
	14050
	14057
	14066
	14074
	14086
	14095
	14101
	14107
	14114
	14123
	14131
	14143
	14152
	14158
	14164
	14171
	14180
	14188
	14200
	14209
	14215
	14221
	14228
	14237
	14245
	14257
	14266
	14272
	14278
	14285
	14294
	14302
	14314
	14323
	14329
	14335
	14342
	14351
	14359
	14371
	14380
	14386
	14392
	14399
	14408
	14416
	14428
	14437
	14443
	14449
	14456
	14465
	14473
	14485
	14494
	14500
	14506
	14513
	14522
	14530
	14542
	14551
	14557
	14563
	14570
	14579
	14587
	14599
	14608
	14614
	14620
	14627
	14636
	14644
	14656
	14665
	14671
	14677
	14684
	14693
	14701
	14713
	14722
	14728
	14734
	14741
	14750
	14758
	14770
	14779
	14785
	14791
	14798
	14807
	14815
	14827
	14836
	14842
	14848
	14855
	14864
	14872
	14884
	14893
	14899
	14905
	14912
	14921
	14929
	14941
	14950
	14956
	14962
	14969
	14978
	14986
	14998
	15007
	15013
	15019
	15026
	15035
	15043
	15055
	15064
	15070
	15076
	15083
	15092
	15100
	15112
	15121
	15127
	15133
	15140
	15149
	15157
	15169
	15178
	15184
	15190
	15197
	15206
	15214
	15226
	15235
	15241
	15247
	15254
	15263
	15271
	15283
	15292
	15298
	15304
	15311
	15320
	15328
	15340
	15349
	15355
	15361
	15368
	15377
	15385
	15397
	15406
	15412
	15418
	15425
	15434
	15442
	15454
	15463
	15469
	15475
	15482
	15491
	15499
	15511
	15520
	15526
	15532
	15539
	15548
	15556
	15568
	15577
	15583
	15589
	15596
	15605
	15613
	15625
	15634
	15640
	15646
	15653
	15662
	15670
	15682
	15691
	15697
	15703
	15710
	15719
	15727
	15739
	15748
	15754
	15760
	15767
	15776
	15784
	15796
	15805
	15811
	15817
	15824
	15833
	15841
	15853
	15862
	15868
	15874
	15881
	15890
	15898
	15910
	15919
	15925
	15931
	15938
	15947
	15955
	15967
	15976
	15982
	15988
	15995
	16004
	16012
	16024
	16033
	16039
	16045
	16052
	16061
	16069
	16081
	16090
	16096
	16102
	16109
	16118
	16126
	16138
	16147
	16153
	16159
	16166
	16175
	16183
	16195
	16204
	16210
	16216
	16223
	16232
	16240
	16252
	16261
	16267
	16273
	16280
	16289
	16297
	16309
	16318
	16324
	16330
	16337
	16346
	16354
	16366
	16375
	16381
	16387
	16394
	16403
	16411
	16423
	16432
	16438
	16444
	16451
	16460
	16468
	16480
	16489
	16495
	16501
	16508
	16517
	16525
	16537
	16546
	16552
	16558
	16565
	16574
	16582
	16594
	16603
	16609
	16615
	16622
	16631
	16639
	16651
	16660
	16666
	16672
	16679
	16688
	16696
	16708
	16717
	16723
	16729
	16736
	16745
	16753
	16765
	16774
	16780
	16786
	16793
	16802
	16810
	16822
	16831
	16837
	16843
	16850
	16859
	16867
	16879
	16888
	16894
	16900
	16907
	16916
	16924
	16936
	16945
	16951
	16957
	16964
	16973
	16981
	16993
	17002
	17008
	17014
	17021
	17030
	17038
	17050
	17059
	17065
	17071
	17078
	17087
	17095
	17107
	17116
	17122
	17128
	17135
	17144
	17152
	17164
	17173
	17179
	17185
	17192
	17201
	17209
	17221
	17230
	17236
	17242
	17249
	17258
	17266
	17278
	17287
	17293
	17299
	17306
	17315
	17323
	17335
	17344
	17350
	17356
	17363
	17372
	17380
	17392
	17401
	17407
	17413
	17420
	17429
	17437
	17449
	17458
	17464
	17470
	17477
	17486
	17494
	17506
	17515
	17521
	17527
	17534
	17543
	17551
	17563
	17572
	17578
	17584
	17591
	17600
	17608
	17620
	17629
	17635
	17641
	17648
	17657
	17665
	17677
	17686
	17692
	17698
	17705
	17714
	17722
	17734
	17743
	17749
	17755
	17762
	17771
	17779
	17791
	17800
	17806
	17812
	17819
	17828
	17836
	17848
	17857
	17863
	17869
	17876
	17885
	17893
	17905
	17914
	17920
	17926
	17933
	17942
	17950
	17962
	17971
	17977
	17983
	17990
	17999
	18007
	18019
	18028
	18034
	18040
	18047
	18056
	18064
	18076
	18085
	18091
	18097
	18104
	18113
	18121
	18133
	18142
	18148
	18154
	18161
	18170
	18178
	18190
	18199
	18205
	18211
	18218
	18227
	18235
	18247
	18256
	18262
	18268
	18275
	18284
	18292
	18304
	18313
	18319
	18325
	18332
	18341
	18349
	18361
	18370
	18376
	18382
	18389
	18398
	18406
	18418
	18427
	18433
	18439
	18446
	18455
	18463
	18475
	18484
	18490
	18496
	18503
	18512
	18520
	18532
	18541
	18547
	18553
	18560
	18569
	18577
	18589
	18598
	18604
	18610
	18617
	18626
	18634
	18646
	18655
	18661
	18667
	18674
	18683
	18691
	18703
	18712
	18718
	18724
	18731
	18740
	18748
	18760
	18769
	18775
	18781
	18788
	18797
	18805
	18817
	18826
	18832
	18838
	18845
	18854
	18862
	18874
	18883
	18889
	18895
	18902
	18911
	18919
	18931
	18940
	18946
	18952
	18959
	18968
	18976
	18988
	18997
	19003
	19009
	19016
	19025
	19033
	19045
	19054
	19060
	19066
	19073
	19082
	19090
	19102
	19111
	19117
	19123
	19130
	19139
	19147
	19159
	19168
	19174
	19180
	19187
	19196
	19204
	19216
	19225
	19231
	19237
	19244
	19253
	19261
	19273
	19282
	19288
	19294
	19301
	19310
	19318
	19330
	19339
	19345
	19351
	19358
	19367
	19375
	19387
	19396
	19402
	19408
	19415
	19424
	19432
	19444
	19453
	19459
	19465
	19472
	19481
	19489
	19501
	19510
	19516
	19522
	19529
	19538
	19546
	19558
	19567
	19573
	19579
	19586
	19595
	19603
	19615
	19624
	19630
	19636
	19643
	19652
	19660
	19672
	19681
	19687
	19693
	19700
	19709
	19717
	19729
	19738
	19744
	19750
	19757
	19766
	19774
	19786
	19795
	19801
	19807
	19814
	19823
	19831
	19843
	19852
	19858
	19864
	19871
	19880
	19888
	19900
	19909
	19915
	19921
	19928
	19937
	19945
	19957
	19966
	19972
	19978
	19985
	19994
	20002
	20014
	20023
	20029
	20035
	20042
	20051
	20059
	20071
	20080
	20086
	20092
	20099
	20108
	20116
	20128
	20137
	20143
	20149
	20156
	20165
	20173
	20185
	20194
	20200
	20206
	20213
	20222
	20230
	20242
	20251
	20257
	20263
	20270
	20279
	20287
	20299
	20308
	20314
	20320
	20327
	20336
	20344
	20356
	20365
	20371
	20377
	20384
	20393
	20401
	20413
	20422
	20428
	20434
	20441
	20450
	20458
	20470
	20479
	20485
	20491
	20498
	20507
	20515
	20527
	20536
	20542
	20548
	20555
	20564
	20572
	20584
	20593
	20599
	20605
	20612
	20621
	20629
	20641
	20650
	20656
	20662
	20669
	20678
	20686
	20698
	20707
	20713
	20719
	20726
	20735
	20743
	20755
	20764
	20770
	20776
	20783
	20792
	20800
	20812
	20821
	20827
	20833
	20840
	20849
	20857
	20869
	20878
	20884
	20890
	20897
	20906
	20914
	20926
	20935
	20941
	20947
	20954
	20963
	20971
	20983
	20992
	20998
	21004
	21011
	21020
	21028
	21040
	21049
	21055
	21061
	21068
	21077
	21085
	21097
	21106
	21112
	21118
	21125
	21134
	21142
	21154
	21163
	21169
	21175
	21182
	21191
	21199
	21211
	21220
	21226
	21232
	21239
	21248
	21256
	21268
	21277
	21283
	21289
	21296
	21305
	21313
	21325
	21334
	21340
	21346
	21353
	21362
	21370
	21382
	21391
	21397
	21403
	21410
	21419
	21427
	21439
	21448
	21454
	21460
	21467
	21476
	21484
	21496
	21505
	21511
	21517
	21524
	21533
	21541
	21553
	21562
	21568
	21574
	21581
	21590
	21598
	21610
	21619
	21625
	21631
	21638
	21647
	21655
	21667
	21676
	21682
	21688
	21695
	21704
	21712
	21724
	21733
	21739
	21745
	21752
	21761
	21769
	21781
	21790
	21796
	21802
	21809
	21818
	21826
	21838
	21847
	21853
	21859
	21866
	21875
	21883
	21895
	21904
	21910
	21916
	21923
	21932
	21940
	21952
	21961
	21967
	21973
	21980
	21989
	21997
	22009
	22018
	22024
	22030
	22037
	22046
	22054
	22066
	22075
	22081
	22087
	22094
	22103
	22111
	22123
	22132
	22138
	22144
	22151
	22160
	22168
	22180
	22189
	22195
	22201
	22208
	22217
	22225
	22237
	22246
	22252
	22258
	22265
	22274
	22282
	22294
	22303
	22309
	22315
	22322
	22331
	22339
	22351
	22360
	22366
	22372
	22379
	22388
	22396
	22408
	22417
	22423
	22429
	22436
	22445
	22453
	22465
	22474
	22480
	22486
	22493
	22502
	22510
	22522
	22531
	22537
	22543
	22550
	22559
	22567
	22579
	22588
	22594
	22600
	22607
	22616
	22624
	22636
	22645
	22651
	22657
	22664
	22673
	22681
	22693
	22702
	22708
	22714
	22721
	22730
	22738
	22750
	22759
	22765
	22771
	22778
	22787
	22795
	22807
	22816
	22822
	22828
	22835
	22844
	22852
	22864
	22873
	22879
	22885
	22892
	22901
	22909
	22921
	22930
	22936
	22942
	22949
	22958
	22966
	22978
	22987
	22993
	22999
	23006
	23015
	23023
	23035
	23044
	23050
	23056
	23063
	23072
	23080
	23092
	23101
	23107
	23113
	23120
	23129
	23137
	23149
	23158
	23164
	23170
	23177
	23186
	23194
	23206
	23215
	23221
	23227
	23234
	23243
	23251
	23263
	23272
	23278
	23284
	23291
	23300
	23308
	23320
	23329
	23335
	23341
	23348
	23357
	23365
	23377
	23386
	23392
	23398
	23405
	23414
	23422
	23434
	23443
	23449
	23455
	23462
	23471
	23479
	23491
	23500
	23506
	23512
	23519
	23528
	23536
	23548
	23557
	23563
	23569
	23576
	23585
	23593
	23605
	23614
	23620
	23626
	23633
	23642
	23650
	23662
	23671
	23677
	23683
	23690
	23699
	23707
	23719
	23728
	23734
	23740
	23747
	23756
	23764
	23776
	23785
	23791
	23797
	23804
	23813
	23821
	23833
	23842
	23848
	23854
	23861
	23870
	23878
	23890
	23899
	23905
	23911
	23918
	23927
	23935
	23947
	23956
	23962
	23968
	23975
	23984
	23992
	24004
	24013
	24019
	24025
	24032
	24041
	24049
	24061
	24070
	24076
	24082
	24089
	24098
	24106
	24118
	24127
	24133
	24139
	24146
	24155
	24163
	24175
	24184
	24190
	24196
	24203
	24212
	24220
	24232
	24241
	24247
	24253
	24260
	24269
	24277
	24289
	24298
	24304
	24310
	24317
	24326
	24334
	24346
	24355
	24361
	24367
	24374
	24383
	24391
	24403
	24412
	24418
	24424
	24431
	24440
	24448
	24460
	24469
	24475
	24481
	24488
	24497
	24505
	24517
	24526
	24532
	24538
	24545
	24554
	24562
	24574
	24583
	24589
	24595
	24602
	24611
	24619
	24631
	24640
	24646
	24652
	24659
	24668
	24676
	24688
	24697
	24703
	24709
	24716
	24725
	24733
	24745
	24754
	24760
	24766
	24773
	24782
	24790
	24802
	24811
	24817
	24823
	24830
	24839
	24847
	24859
	24868
	24874
	24880
	24887
	24896
	24904
	24916
	24925
	24931
	24937
	24944
	24953
	24961
	24973
	24982
	24988
	24994
	25001
	25010
	25018
	25030
	25039
	25045
	25051
	25058
	25067
	25075
	25087
	25096
	25102
	25108
	25115
	25124
	25132
	25144
	25153
	25159
	25165
	25172
	25181
	25189
	25201
	25210
	25216
	25222
	25229
	25238
	25246
	25258
	25267
	25273
	25279
	25286
	25295
	25303
	25315
	25324
	25330
	25336
	25343
	25352
	25360
	25372
	25381
	25387
	25393
	25400
	25409
	25417
	25429
	25438
	25444
	25450
	25457
	25466
	25474
	25486
	25495
	25501
	25507
	25514
	25523
	25531
	25543
	25552
	25558
	25564
	25571
	25580
	25588
	25600
	25609
	25615
	25621
	25628
	25637
	25645
	25657
	25666
	25672
	25678
	25685
	25694
	25702
	25714
	25723
	25729
	25735
	25742
	25751
	25759
	25771
	25780
	25786
	25792
	25799
	25808
	25816
	25828
	25837
	25843
	25849
	25856
	25865
	25873
	25885
	25894
	25900
	25906
	25913
	25922
	25930
	25942
	25951
	25957
	25963
	25970
	25979
	25987
	25999
	26008
	26014
	26020
	26027
	26036
	26044
	26056
	26065
	26071
	26077
	26084
	26093
	26101
	26113
	26122
	26128
	26134
	26141
	26150
	26158
	26170
	26179
	26185
	26191
	26198
	26207
	26215
	26227
	26236
	26242
	26248
	26255
	26264
	26272
	26284
	26293
	26299
	26305
	26312
	26321
	26329
	26341
	26350
	26356
	26362
	26369
	26378
	26386
	26398
	26407
	26413
	26419
	26426
	26435
	26443
	26455
	26464
	26470
	26476
	26483
	26492
	26500
	26512
	26521
	26527
	26533
	26540
	26549
	26557
	26569
	26578
	26584
	26590
	26597
	26606
	26614
	26626
	26635
	26641
	26647
	26654
	26663
	26671
	26683
	26692
	26698
	26704
	26711
	26720
	26728
	26740
	26749
	26755
	26761
	26768
	26777
	26785
	26797
	26806
	26812
	26818
	26825
	26834
	26842
	26854
	26863
	26869
	26875
	26882
	26891
	26899
	26911
	26920
	26926
	26932
	26939
	26948
	26956
	26968
	26977
	26983
	26989
	26996
	27005
	27013
	27025
	27034
	27040
	27046
	27053
	27062
	27070
	27082
	27091
	27097
	27103
	27110
	27119
	27127
	27139
	27148
	27154
	27160
	27167
	27176
	27184
	27196
	27205
	27211
	27217
	27224
	27233
	27241
	27253
	27262
	27268
	27274
	27281
	27290
	27298
	27310
	27319
	27325
	27331
	27338
	27347
	27355
	27367
	27376
	27382
	27388
	27395
	27404
	27412
	27424
	27433
	27439
	27445
	27452
	27461
	27469
	27481
	27490
	27496
	27502
	27509
	27518
	27526
	27538
	27547
	27553
	27559
	27566
	27575
	27583
	27595
	27604
	27610
	27616
	27623
	27632
	27640
	27652
	27661
	27667
	27673
	27680
	27689
	27697
	27709
	27718
	27724
	27730
	27737
	27746
	27754
	27766
	27775
	27781
	27787
	27794
	27803
	27811
	27823
	27832
	27838
	27844
	27851
	27860
	27868
	27880
	27889
	27895
	27901
	27908
	27917
	27925
	27937
	27946
	27952
	27958
	27965
	27974
	27982
	27994
	28003
	28009
	28015
	28022
	28031
	28039
	28051
	28060
	28066
	28072
	28079
	28088
	28096
	28108
	28117
	28123
	28129
	28136
	28145
	28153
	28165
	28174
	28180
	28186
	28193
	28202
	28210
	28222
	28231
	28237
	28243
	28250
	28259
	28267
	28279
	28288
	28294
	28300
	28307
	28316
	28324
	28336
	28345
	28351
	28357
	28364
	28373
	28381
	28393
	28402
	28408
	28414
	28421
	28430
	28438
	28450
	28459
	28465
	28471
	28478
	28487
	28495
	28507
	28516
	28522
	28528
	28535
	28544
	28552
	28564
	28573
	28579
	28585
	28592
	28601
	28609
	28621
	28630
	28636
	28642
	28649
	28658
	28666
	28678
	28687
	28693
	28699
	28706
	28715
	28723
	28735
	28744
	28750
	28756
	28763
	28772
	28780
	29681
	30582
	31933
	33284
	34635
	34640
	34645
	34650
	34655
	34660
	34665
	34670
	34675
	34682
	34689
	34696
	34703
	34710
	34717
	34724
	34731
	34738
	34745
	34752
	34759
	34766
	34773
	34780
	34787
	34794
	34801
	34808
	34815
	34822
	34829
	34836
	34843
	34850
	34857
	34864
	34871
	34878
	34885
	34892
	34899
	34906
	34913
	34920
	34927
	34934
	34941
	34948
	34955
	34962
	34969
	34976
	34983
	34990
	34997
	35004
	35011
	35018
	35025
	35032
	35039
	35046
	35053
	35060
	35067
	35074
	35081
	35088
	35095
	35102
	35109
	35116
	35123
	35130
	35137
	35144
	35151
	35158
	35165
	35172
	35179
	35186
	35193
	35200
	35207
	35214
	35221
	35228
	35235
	35242
	35249
	35256
	35263
	35270
	35277
	35284
	35291
	35298
	35305
	35312
	35319
	35326
	35333
	35340
	35347
	35354
	35361
	35368
	35375
	35382
	35389
	35396
	35403
	35410
	35417
	35424
	35431
	35438
	35445
	35452
	35459
	35466
	35473
	35480
	35487
	35494
	35501
	35508
	35515
	35522
	35529
	35536
	35543
	35550
	35557
	35564
	35571
	35578
	35585
	35592
	35599
	35606
	35613
	35620
	35627
	35634
	35641
	35648
	35655
	35662
	35669
	35676
	35683
	35690
	35697
	35704
	35711
	35718
	35722
	35726
	35730
	35734
	35738
	35742
	35746
	35750
	35754
	35758
	35762
	35766
	35770
	35774
	35778
	35782
	35786
	35790
	35794
	35798
	35802
	35806
	35810
	35814
	35818
	35822
	35826
	35830
	35834
	35838
	35842
	35846
	35850
	35854
	35858
	35862
	35866
	35870
	35874
	35878
	35882
	35886
	35890
	35894
	35898
	35902
	35906
	35910
	35914
	35918
	35922
	35926
	35930
	35934
	35938
	35942
	35946
	35950
	35954
	35958
	35962
	35966
	35970
	35974
	35978
	35982
	35986
	35990
	35994
	35998
	36002
	36006
	36010
	36014
	36018
	36022
	36026
	36030
	36034
	36038
	36042
	36046
	36050
	36054
	36058
	36062
	36066
	36070
	36074
	36078
	36082
	36086
	36090
	36094
	36098
	36102
	36106
	36110
	36114
	36118
	36122
	36126
	36130
	36134
	36138
	36142
	36146
	36150
	36154
	36158
	36162
	36166
	36170
	36174
	36178
	36182
	36186
	36190
	36194
	36198
	36202
	36206
	36210
	36214
	36218
	36222
	36226
	36230
	36234
	36238
	36242
	36246
	36250
	36254
	36258
	36262
	36266
	36270
	36274
	36278
	36282
	36286
	36290
	36294
	36298
	36302
	36306
	36310
	36314
	36318
	36322
	36326
	36330
	36334
	36338
	36342
	36346
	36350
	36354
	36358
	36362
	36366
	36370
	36374
	36378
	36382
	36386
	36390
	36394
	36398
	36402
	36406
	36410
	36414
	36418
	36422
	36426
	36430
	36434
	36438
	36442
	36446
	36450
	36454
	36458
	36462
	36466
	36470
	36474
	36478
	36482
	36486
	36490
	36494
	36498
	36502
	36506
	36510
	36514
	36518
	36522
	36526
	36530
	36534
	36538
	36542
	36546
	36550
	36554
	36558
	36562
	36566
	36570
	36574
	36578
	36582
	36586
	36590
	36594
	36598
	36602
	36606
	36610
	36614
	36618
	36622
	36626
	36630
	36634
	36638
	36642
	36646
	36650
	36654
	36658
	36662
	36666
	36670
	36674
	36678
	36682
	36686
	36690
	36694
	36698
	36702
	36706
	36710
	36714
	36718
	36722
	36726
	36730
	36734
	36738
	36742
	36746
	36750
	36754
	36758
	36762
	36766
	36770
	36774
	36778
	36782
	36786
	36790
	36794
	36798
	36802
	36806
	36810
	36814
	36818
	36822
	36826
	36830
	36834
	36838
	36842
	36846
	36850
	36854
	36858
	36862
	36866
	36870
	36874
	36878
	36882
	36886
	36890
	36894
	36898
	36902
	36906
	36910
	36914
	36918
	36922
	36925
	36928
	36931
	36934
	36937
	36940
	36943
	36946
	36949
	36952
	36955
	36958
	36961
	36964
	36967
	36970
	36973
	36976
	36979
	36982
	36985
	36988
	36991
	36994
	36997
	37000
	37003
	37006
	37009
	37012
	37015
	37018
	37021
	37024
	37027
	37030
	37033
	37036
	37039
	37042
	37045
	37048
	37051
	37054
	37057
	37060
	37063
	37066
	37069
	37072
	37075
	37078
	37081
	37084
	37087
	37090
	37093
	37096
	37099
	37102
	37105
	37108
	37111
	37114
	37117
	37120
	37123
	37126
	37129
	37132
	37135
	37138
	37141
	37144
	37147
	37150
	37153
	37156
	37159
	37162
	37165
	37168
	37171
	37174
	37177
	37180
	37183
	37186
	37189
	37192
	37195
	37198
	37201
	37204
	37207
	37210
	37213
	37216
	37219
	37222
	37225
	37228
	37231
	37234
	37237
	37240
	37243
	37246
	37249
	37252
	37255
	37258
	37261
	37264
	37267
	37270
	37273
	37276
	37279
	37282
	37285
	37288
	37291
	37294
	37297
	37300
	37303
	37306
	37309
	37312
	37315
	37318
	37321
	37324
	37327
	37330
	37333
	37336
	37339
	37342
	37345
	37348
	37351
	37354
	37357
	37360
	37363
	37366
	37369
	37372
	37375
	37378
	37381
	37384
	37387
	37390
	37393
	37396
	37399
	37402
	37405
	37408
	37411
	37414
	37417
	37420
	37423
	37426
	37429
	37432
	37435
	37438
	37441
	37444
	37447
	37450
	37453
	37456
	37459
	37462
	37465
	37468
	37471
	37474
	37477
	37480
	37483
	37486
	37489
	37492
	37495
	37498
	37501
	37504
	37507
	37510
	37513
	37516
	37519
	37522
	37525
	37528
	37531
	37534
	37537
	37540
	37543
	37546
	37549
	37552
	37555
	37558
	37561
	37564
	37567
	37570
	37573
	37576
	37579
	37582
	37585
	37588
	37591
	37594
	37597
	37600
	37603
	37606
	37609
	37612
	37615
	37618
	37621
	37624
	37627
	37630
	37633
	37636
	37639
	37642
	37645
	37648
	37651
	37654
	37657
	37660
	37663
	37666
	37669
	37672
	37675
	37678
	37681
	37684
	37687
	37690
	37693
	37696
	37699
	37702
	37705
	37708
	37711
	37714
	37717
	37720
	37723
	37726
	37729
	37732
	37735
	37738
	37741
	37744
	37747
	37750
	37753
	37756
	37759
	37762
	37765
	37768
	37771
	37774
	37777
	37780
	37783
	37786
	37789
	37792
	37795
	37798
	37801
	37804
	37807
	37810
	37813
	37816
	37819
	37822
	37825
	37828
	37831
	37834
	37837
	37840
	37843
	37846
	37849
	37852
	37855
	37858
	37861
	37864
	37867
	37870
	37873
	37876
	37879
	37882
	37885
	37888
	37891
	37894
	37897
	37900
	37903
	37906
	37909
	37912
	37915
	37918
	37921
	37924
	37927
	37930
	37933
	37936
	37939
	37942
	37945
	37948
	37951
	37954
	37957
	37960
	37963
	37966
	37969
	37972
	37975
	37978
	37981
	37984
	37987
	37990
	37993
	37996
	37999
	38002
	38005
	38008
	38011
	38014
	38017
	38020
	38023
	38026
	38029
	38032
	38035
	38038
	38041
	38044
	38047
	38050
	38053
	38056
	38059
	38062
	38065
	38068
	38071
	38074
	38077
	38080
	38083
	38086
	38089
	38092
	38095
	38098
	38101
	38104
	38107
	38110
	38113
	38116
	38119
	38122
	38125
	38128
	38131
	38134
	38137
	38140
	38143
	38146
	38149
	38152
	38155
	38158
	38161
	38164
	38167
	38170
	38173
	38176
	38179
	38182
	38185
	38188
	38191
	38194
	38197
	38200
	38203
	38206
	38209
	38212
	38215
	38218
	38221
	38224
	38227
	38230
	38233
	38236
	38239
	38242
	38245
	38248
	38251
	38254
	38257
	38260
	38263
	38266
	38269
	38272
	38275
	38278
	38281
	38284
	38287
	38290
	38293
	38296
	38299
	38302
	38305
	38308
	38311
	38314
	38317
	38320
	38323
	38326
	38329
	38332
	38335
	38338
	38341
	38344
	38347
	38350
	38353
	38356
	38359
	38362
	38365
	38368
	38371
	38374
	38377
	38380
	38383
	38386
	38389
	38392
	38395
	38398
	38401
	38404
	38407
	38410
	38413
	38416
	38419
	38422
	38425
	38428
	38431
	38434
	38437
	38440
	38443
	38446
	38449
	38452
	38455
	38458
	38461
	38464
	38467
	38470
	38473
	38476
	38479
	38482
	38485
	38488
	38491
	38494
	38497
	38500
	38503
	38506
	38509
	38512
	38515
	38518
	38521
	38524
	38527
	38530
	38533
	38536
	38539
	38542
	38545
	38548
	38551
	38554
	38557
	38560
	38563
	38566
	38569
	38572
	38575
	38578
	38581
	38584
	38587
	38590
	38593
	38596
	38599
	38602
	38605
	38608
	38611
	38614
	38617
	38620
	38623
	38626
	38629
	38632
	38635
	38638
	38641
	38644
	38647
	38650
	38653
	38656
	38659
	38662
	38665
	38668
	38671
	38674
	38677
	38680
	38683
	38686
	38689
	38692
	38695
	38698
	38701
	38704
	38707
	38710
	38713
	38716
	38719
	38722
	38725
	38728
	38731
	38734
	38737
	38740
	38743
	38746
	38749
	38752
	38755
	38758
	38761
	38764
	38767
	38770
	38773
	38776
	38779
	38782
	38785
	38788
	38791
	38794
	38797
	38800
	38803
	38806
	38809
	38812
	38815
	38818
	38821
	38824
	38827
	38830
	38833
	38836
	38839
	38842
	38845
	38848
	38851
	38854
	38857
	38860
	38863
	38866
	38869
	38872
	38875
	38878
	38881
	38884
	38887
	38890
	38893
	38896
	38899
	38902
	38905
	38908
	38911
	38914
	38917
	38920
	38923
	38926
	38929
	38932
	38935
	38938
	38941
	38944
	38947
	38950
	38953
	38956
	38959
	38962
	38965
	38968
	38971
	38974
	38977
	38980
	38983
	38986
	38989
	38992
	38995
	38998
	39001
	39004
	39007
	39010
	39013
	39016
	39019
	39022
	39025
	39028
	39031
	39034
	39037
	39040
	39043
	39046
	39049
	39052
	39055
	39058
	39061
	39064
	39067
	39070
	39073
	39076
	39079
	39082
	39085
	39088
	39091
	39094
	39097
	39100
	39103
	39106
	39109
	39112
	39115
	39118
	39121
	39124
	39127
	39130
	39133
	39136
	39139
	39142
	39145
	39148
	39151
	39154
	39157
	39160
	39163
	39166
	39169
	39172
	39175
	39178
	39181
	39184
	39187
	39190
	39193
	39196
	39199
	39202
	39205
	39208
	39211
	39214
	39217
	39220
	39223
	39226
	39229
	39232
	39235
	39238
	39241
	39244
	39247
	39250
	39253
	39256
	39259
	39262
	39265
	39268
	39271
	39274
	39277
	39280
	39283
	39286
	39289
	39292
	39295
	39298
	39301
	39304
	39307
	39310
	39313
	39316
	39319
	39322
	39325
	39328
	39331
	39334
	39337
	39340
	39343
	39346
	39349
	39352
	39355
	39358
	39361
	39364
	39367
	39370
	39373
	39376
	39379
	39382
	39385
	39388
	39391
	39394
	39397
	39400
	39403
	39406
	39409
	39412
	39415
	39418
	39421
	39424
	39427
	39430
	39433
	39436
	39439
	39442
	39445
	39448
	39451
	39454
	39457
	39460
	39463
	39466
	39469
	39472
	39475
	39478
	39481
	39484
	39487
	39490
	39493
	39496
	39499
	39502
	39505
	39508
	39511
	39514
	39517
	39520
	39523
	39526
	39529
	39532
	39535
	39538
	39541
	39544
	39547
	39550
	39553
	39556
	39559
	39562
	39565
	39568
	39571
	39574
	39577
	39580
	39583
	39586
	39589
	39592
	39595
	39598
	39601
	39604
	39607
	39610
	39613
	39616
	39619
	39622
	39625
	39628
	39631
	39634
	39637
	39640
	39643
	39646
	39649
	39652
	39655
	39658
	39661
	39664
	39667
	39670
	39673
	39676
	39679
	39682
	39685
	39688
	39691
	39694
	39697
	39700
	39703
	39706
	39709
	39712
	39715
	39718
	39721
	39724
	39727
	39730
	39733
	39736
	39739
	39742
	39745
	39748
	39751
	39754
	39757
	39760
	39763
	39766
	39769
	39772
	39775
	39778
	39781
	39784
	39787
	39790
	39793
	39796
	39799
	39802
	39805
	39808
	39811
	39814
	39817
	39820
	39823
	39826
	39829
	39832
	39835
	39838
	39841
	39844
	39847
	39850
	39853
	39856
	39859
	39862
	39865
	39868
	39871
	39874
	39877
	39880
	39883
	39886
	39889
	39892
	39895
	39898
	39901
	39904
	39907
	39910
	39913
	39916
	39919
	39922
	39925
	39928
	39931
	39934
	39937
	39940
	39943
	39946
	39949
	39952
	39955
	39958
	39961
	39964
	39967
	39970
	39973
	39976
	39979
	39982
	39985
	39988
	39991
	39994
	39997
	40000
	40003
	40006
	40009
	40012
	40015
	40018
	40021
	40024
	40027
	40030
	40033
	40036
	40039
	40042
	40045
	40048
	40051
	40054
	40057
	40060
	40063
	40066
	40069
	40072
	40075
	40078
	40081
	40084
	40087
	40090
	40093
	40096
	40099
	40102
	40105
	40108
	40111
	40114
	40117
	40120
	40123
	40126
	40129
	40132
	40135
	40138
	40141
	40144
	40147
	40150
	40153
	40156
	40159
	40162
	40165
	40168
	40171
	40174
	40177
	40180
	40183
	40186
	40189
	40192
	40195
	40198
	40201
	40204
	40207
	40210
	40213
	40216
	40219
	40222
	40225
	40228
	40231
	40234
	40237
	40240
	40243
	40246
	40249
	40252
	40255
	40258
	40261
	40264
	40267
	40270
	40273
	40276
	40279
	40282
	40285
	40288
	40291
	40294
	40297
	40300
	40303
	40306
	40309
	40312
	40315
	40318
	40321
	40324
	40327
	40330
	40333
	40336
	40339
	40342
	40345
	40348
	40351
	40354
	40357
	40360
	40363
	40366
	40369
	40372
	40375
	40378
	40381
	40384
	40387
	40390
	40393
	40396
	40399
	40402
	40405
	40408
	40411
	40414
	40417
	40420
	40423
	40426
	40429
	40432
	40435
	40438
	40441
	40444
	40447
	40450
	40453
	40456
	40459
	40462
	40465
	40468
	40471
	40474
	40477
	40480
	40483
	40486
	40489
	40492
	40495
	40498
	40501
	40504
	40507
	40510
	40513
	40516
	40519
	40522
	40525
	40528
	40531
	40534
	40537
	40540
	40543
	40546
	40549
	40552
	40555
	40558
	40561
	40564
	40567
	40570
	40573
	40576
	40579
	40582
	40585
	40588
	40591
	40594
	40597
	40600
	40603
	40606
	40609
	40612
	40615
	40618
	40621
	40624
	40627
	40630
	40633
	40636
	40639
	40642
	40645
	40648
	40651
	40654
	40657
	40660
	40663
	40666
	40669
	40672
	40675
	40678
	40681
	40684
	40687
	40690
	40693
	40696
	40699
	40702
	40705
	40708
	40711
	40714
	40717
	40720
	40723
	40726
	40729
	40732
	40735
	40738
	40741
	40744
	40747
	40750
	40753
	40756
	40759
	40762
	40765
	40768
	40771
	40774
	40777
	40780
	40783
	40786
	40789
	40792
	40795
	40798
	40801
	40804
	40807
	40810
	40813
	40816
	40819
	40822
	40825
	40828
	40831
	40834
	40837
	40840
	40843
	40846
	40849
	40852
	40855
	40858
	40861
	40864
	40867
	40870
	40873
	40876
	40879
	40882
	40885
	40888
	40891
	40894
	40897
	40900
	40903
	40906
	40909
	40912
	40915
	40918
	40921
	40924
	40927
	40930
	40933
	40936
	40939
	40942
	40945
	40948
	40951
	40954
	40957
	40960
	40963
	40966
	40969
	40972
	40975
	40978
	40981
	40984
	40987
	40990
	40993
	40996
	40999
	41002
	41005
	41008
	41011
	41014
	41017
	41020
	41023
	41026
	41029
	41032
	41035
	41038
	41041
	41044
	41047
	41050
	41053
	41056
	41059
	41062
	41065
	41068
	41071
	41074
	41077
	41080
	41083
	41086
	41089
	41092
	41095
	41098
	41101
	41104
	41107
	41110
	41113
	41116
	41119
	41122
	41125
	41128
	41131
	41134
	41137
	41140
	41143
	41146
	41149
	41152
	41155
	41158
	41161
	41164
	41167
	41170
	41173
	41176
	41179
	41182
	41185
	41188
	41191
	41194
	41197
	41200
	41203
	41206
	41209
	41212
	41215
	41218
	41221
	41224
	41227
	41230
	41233
	41236
	41239
	41242
	41245
	41248
	41251
	41254
	41257
	41260
	41263
	41266
	41269
	41272
	41275
	41278
	41281
	41284
	41287
	41290
	41293
	41296
	41299
	41302
	41305
	41308
	41311
	41314
	41317
	41320
	41323
	41326
	41329
	41332
	41335
	41338
	41341
	41344
	41347
	41350
	41353
	41356
	41359
	41362
	41365
	41368
	41371
	41374
	41377
	41380
	41383
	41386
	41389
	41392
	41395
	41398
	41401
	41404
	41407
	41410
	41413
	41416
	41419
	41422
	41425
	41428
	41431
	41434
	41437
	41440
	41443
	41446
	41449
	41452
	41455
	41458
	41461
	41464
	41467
	41470
	41473
	41476
	41479
	41482
	41485
	41488
	41491
	41494
	41497
	41500
	41503
	41506
	41509
	41512
	41515
	41518
	41521
	41524
	41527
	41530
	41533
	41536
	41539
	41542
	41545
	41548
	41551
	41554
	41557
	41560
	41563
	41566
	41569
	41572
	41575
	41578
	41581
	41584
	41587
	41590
	41593
	41596
	41599
	41602
	41605
	41608
	41611
	41614
	41617
	41620
	41623
	41626
	41629
	41632
	41635
	41638
	41641
	41644
	41647
	41650
	41653
	41656
	41659
	41662
	41665
	41668
	41671
	41674
	41677
	41680
	41683
	41686
	41689
	41692
	41695
	41698
	41701
	41704
	41707
	41710
	41713
	41716
	41719
	41722
	41725
	41728
	41731
	41734
	41737
	41740
	41743
	41746
	41749
	41752
	41755
	41758
	41761
	41764
	41767
	41770
	41773
	41776
	41779
	41782
	41785
	41788
	41791
	41794
	41797
	41800
	41803
	41806
	41809
	41812
	41815
	41818
	41821
	41824
	41827
	41830
	41833
	41836
	41839
	41842
	41845
	41848
	41851
	41854
	41857
	41860
	41863
	41866
	41869
	41872
	41875
	41878
	41881
	41884
	41887
	41890
	41893
	41896
	41899
	41902
	41905
	41908
	41911
	41914
	41917
	41920
	41923
	41926
	41929
	41932
	41935
	41938
	41941
	41944
	41947
	41950
	41953
	41956
	41959
	41962
	41965
	41968
	41971
	41974
	41977
	41980
	41983
	41986
	41989
	41992
	41995
	41998
	42001
	42004
	42007
	42010
	42013
	42016
	42019
	42022
	42025
	42028
	42031
	42034
	42037
	42040
	42043
	42046
	42049
	42052
	42055
	42058
	42061
	42064
	42067
	42070
	42073
	42076
	42079
	42082
	42085
	42088
	42091
	42094
	42097
	42100
	42103
	42106
	42109
	42112
	42115
	42118
	42121
	42124
	42127
	42130
	42133
	42136
	42139
	42142
	42145
	42148
	42151
	42154
	42157
	42160
	42163
	42166
	42169
	42172
	42175
	42178
	42181
	42184
	42187
	42190
	42193
	42196
	42199
	42202
	42205
	42208
	42211
	42214
	42217
	42220
	42223
	42226
	42229
	42232
	42235
	42238
	42241
	42244
	42247
	42250
	42253
	42256
	42259
	42262
	42265
	42268
	42271
	42274
	42277
	42280
	42283
	42286
	42289
	42292
	42295
	42298
	42301
	42304
	42307
	42310
	42313
	42316
	42319
	42322
	42325
	42328
	42331
	42334
	42337
	42340
	42343
	42346
	42349
	42352
	42355
	42358
	42361
	42364
	42367
	42370
	42373
	42376
	42379
	42382
	42385
	42388
	42391
	42394
	42397
	42400
	42403
	42406
	42409
	42412
	42415
	42418
	42421
	42424
	42427
	42430
	42433
	42436
	42439
	42442
	42445
	42448
	42451
	42454
	42457
	42460
	42463
	42466
	42469
	42472
	42475
	42478
	42481
	42484
	42487
	42490
	42493
	42496
	42499
	42502
	42505
	42508
	42511
	42514
	42517
	42520
	42523
	42526
	42529
	42532
	42535
	42538
	42541
	42544
	42547
	42550
	42553
	42556
	42559
	42562
	42565
	42568
	42571
	42574
	42577
	42580
	42583
	42586
	42589
	42592
	42595
	42598
	42601
	42604
	42607
	42610
	42613
	42616
	42619
	42622
	42625
	42628
	42631
	42634
	42637
	42640
	42643
	42646
	42649
	42652
	42655
	42658
	42661
	42664
	42667
	42670
	42673
	42676
	42679
	42682
	42685
	42688
	42691
	42694
	42697
	42700
	42703
	42706
	42709
	42712
	42715
	42718
	42721
	42724
	42727
	42730
	42733
	42736
	42739
	42742
	42745
	42748
	42751
	42754
	42757
	42760
	42763
	42766
	42769
	42772
	42775
	42778
	42781
	42784
	42787
	42790
	42793
	42796
	42799
	42802
	42805
	42808
	42811
	42814
	42817
	42820
	42823
	42826
	42829
	42832
	42835
	42838
	42841
	42844
	42847
	42850
	42853
	42856
	42859
	42862
	42865
	42868
	42871
	42874
	42877
	42880
	42883
	42886
	42889
	42892
	42895
	42898
	42901
	42904
	42907
	42910
	42913
	42916
	42919
	42922
	42925
	42928
	42931
	42934
	42937
	42940
	42943
	42946
	42949
	42952
	42955
	42958
	42961
	42964
	42967
	42970
	42973
	42976
	42979
	42982
	42985
	42988
	42991
	42994
	42997
	43000
	43003
	43006
	43009
	43012
	43015
	43018
	43021
	43024
	43027
	43030
	43033
	43036
	43039
	43042
	43045
	43048
	43051
	43054
	43057
	43060
	43063
	43066
	43069
	43072
	43075
	43078
	43081
	43084
	43087
	43090
	43093
	43096
	43099
	43102
	43105
	43108
	43111
	43114
	43117
	43120
	43123
	43126
	43129
	43132
	43135
	43138
	43141
	43144
	43147
	43150
	43153
	43156
	43159
	43162
	43165
	43168
	43171
	43174
	43177
	43180
	43183
	43186
	43189
	43192
	43195
	43198
	43201
	43204
	43207
	43210
	43213
	43216
	43219
	43222
	43225
	43228
	43231
	43234
	43237
	43240
	43243
	43246
	43249
	43252
	43255
	43258
	43261
	43264
	43267
	43270
	43273
	43276
	43279
	43282
	43285
	43288
	43291
	43294
	43297
	43300
	43303
	43306
	43309
	43312
	43315
	43318
	43321
	43324
	43327
	43330
	43333
	43336
	43339
	43342
	43345
	43348
	43351
	43354
	43357
	43360
	43363
	43366
	43369
	43372
	43375
	43378
	43381
	43384
	43387
	43390
	43393
	43396
	43399
	43402
	43405
	43408
	43411
	43414
	43417
	43420
	43423
	43426
	43429
	43432
	43435
	43438
	43441
	43444
	43447
	43450
	43453
	43456
	43459
	43462
	43465
	43468
	43471
	43474
	43477
	43480
	43483
	43486
	43489
	43492
	43495
	43498
	43501
	43504
	43507
	43510
	43513
	43516
	43519
	43522
	43525
	43528
	43531
	43534
	43537
	43540
	43543
	43546
	43549
	43552
	43555
	43558
	43561
	43564
	43567
	43570
	43573
	43576
	43579
	43582
	43585
	43588
	43591
	43594
	43597
	43600
	43603
	43606
	43609
	43612
	43615
	43618
	43621
	43624
	43627
	43630
	43633
	43636
	43639
	43642
	43645
	43648
	43651
	43654
	43657
	43660
	43663
	43666
	43669
	43672
	43675
	43678
	43681
	43684
	43687
	43690
	43693
	43696
	43699
	43702
	43705
	43708
	43711
	43714
	43717
	43720
	43723
	43726
	43729
	43732
	43735
	43738
	43741
	43744
	43747
	43750
	43753
	43756
	43759
	43762
	43765
	43768
	43771
	43774
	43777
	43780
	43783
	43786
	43789
	43792
	43795
	43798
	43801
	43804
	43807
	43810
	43813
	43816
	43819
	43822
	43825
	43828
	43831
	43834
	43837
	43840
	43843
	43846
	43849
	43852
	43855
	43858
	43861
	43864
	43867
	43870
	43873
	43876
	43879
	43882
	43885
	43888
	43891
	43894
	43897
	43900
	43903
	43906
	43909
	43912
	43915
	43918
	43921
	43924
	43927
	43930
	43933
	43936
	43939
	43942
	43945
	43948
	43951
	43954
	43957
	43960
	43963
	43966
	43969
	43972
	43975
	43978
	43981
	43984
	43987
	43990
	43993
	43996
	43999
	44002
	44005
	44008
	44011
	44014
	44017
	44020
	44023
	44026
	44029
	44032
	44035
	44038
	44041
	44044
	44047
	44050
	44053
	44056
	44059
	44062
	44065
	44068
	44071
	44074
	44077
	44080
	44083
	44086
	44089
	44092
	44095
	44098
	44101
	44104
	44107
	44110
	44113
	44116
	44119
	44122
	44125
	44128
	44131
	44134
	44137
	44140
	44143
	44146
	44149
	44152
	44155
	44158
	44161
	44164
	44167
	44170
	44173
	44176
	44179
	44182
	44185
	44188
	44191
	44194
	44197
	44200
	44203
	44206
	44209
	44212
	44215
	44218
	44221
	44224
	44227
	44230
	44233
	44236
	44239
	44242
	44245
	44248
	44251
	44254
	44257
	44260
	44263
	44266
	44269
	44272
	44275
	44278
	44281
	44284
	44287
	44290
	44293
	44296
	44299
	44302
	44305
	44308
	44311
	44314
	44317
	44320
	44323
	44326
	44329
	44332
	44335
	44338
	44341
	44344
	44347
	44350
	44353
	44356
	44359
	44362
	44365
	44368
	44371
	44374
	44377
	44380
	44383
	44386
	44389
	44392
	44395
	44398
	44401
	44404
	44407
	44410
	44413
	44416
	44419
	44422
	44425
	44428
	44431
	44434
	44437
	44440
	44443
	44446
	44449
	44452
	44455
	44458
	44461
	44464
	44467
	44470
	44473
	44476
	44479
	44482
	44485
	44488
	44491
	44494
	44497
	44500
	44503
	44506
	44509
	44512
	44515
	44518
	44521
	44524
	44527
	44530
	44533
	44536
	44539
	44542
	44545
	44548
	44551
	44554
	44557
	44560
	44563
	44566
	44569
	44572
	44575
	44578
	44581
	44584
	44587
	44590
	44593
	44596
	44599
	44602
	44605
	44608
	44611
	44614
	44617
	44620
	44623
	44626
	44629
	44632
	44635
	44638
	44641
	44644
	44647
	44650
	44653
	44656
	44659
	44662
	44665
	44668
	44671
	44674
	44677
	44680
	44683
	44686
	44689
	44692
	44695
	44698
	44701
	44704
	44707
	44710
	44713
	44716
	44719
	44722
	44725
	44728
	44731
	44734
	44737
	44740
	44743
	44746
	44749
	44752
	44755
	44758
	44761
	44764
	44767
	44770
	44773
	44776
	44779
	44782
	44785
	44788
	44791
	44794
	44797
	44800
	44803
	44806
	44809
	44812
	44815
	44818
	44821
	44824
	44827
	44830
	44833
	44836
	44839
	44842
	44845
	44848
	44851
	44854
	44857
	44860
	44863
	44866
	44869
	44872
	44875
	44878
	44881
	44884
	44887
	44890
	44893
	44896
	44899
	44902
	44905
	44908
	44911
	44914
	44917
	44920
	44923
	44926
	44929
	44932
	44935
	44938
	44941
	44944
	44947
	44950
	44953
	44956
	44959
	44962
	44965
	44968
	44971
	44974
	44977
	44980
	44983
	44986
	44989
	44992
	44995
	44998
	45001
	45004
	45007
	45010
	45013
	45016
	45019
	45022
	45025
	45028
	45031
	45034
	45037
	45040
	45043
	45046
	45049
	45052
	45055
	45058
	45061
	45064
	45067
	45070
	45073
	45076
	45079
	45082
	45085
	45088
	45091
	45094
	45097
	45100
	45103
	45106
	45109
	45112
	45115
	45118
	45121
	45124
	45127
	45130
	45133
	45136
	45139
	45142
	45145
	45148
	45151
	45154
	45157
	45160
	45163
	45166
	45169
	45172
	45175
	45178
	45181
	45184
	45187
	45190
	45193
	45196
	45199
	45202
	45205
	45208
	45211
	45214
	45217
	45220
	45223
	45226
	45229
	45232
	45235
	45238
	45241
	45244
	45247
	45250
	45253
	45256
	45259
	45262
	45265
	45268
	45271
	45274
	45277
	45280
	45283
	45286
	45289
	45292
	45295
	45298
	45301
	45304
	45307
	45310
	45313
	45316
	45319
	45322
	45325
	45328
	45331
	45334
	45337
	45340
	45343
	45346
	45349
	45352
	45355
	45358
	45361
	45364
	45367
	45370
	45373
	45376
	45379
	45382
	45385
	45388
	45391
	45394
	45397
	45400
	45403
	45406
	45409
	45412
	45415
	45418
	45421
	45424
	45427
	45430
	45433
	45436
	45439
	45442
	45445
	45448
	45451
	45454
	45457
	45460
	45463
	45466
	45469
	45472
	45475
	45478
	45481
	45484
	45487
	45490
	45493
	45496
	45499
	45502
	45505
	45508
	45511
	45514
	45517
	45520
	45523
	45526
	45529
	45532
	45535
	45538
	45541
	45544
	45547
	45550
	45553
	45556
	45559
	45562
	45565
	45568
	45571
	45574
	45577
	45580
	45583
	45586
	45589
	45592
	45595
	45598
	45601
	45604
	45607
	45610
	45613
	45616
	45619
	45622
	45625
	45628
	45631
	45634
	45637
	45640
	45643
	45646
	45649
	45652
	45655
	45658
	45661
	45664
	45667
	45670
	45673
	45676
	45679
	45682
	45685
	45688
	45691
	45694
	45697
	45700
	45703
	45706
	45709
	45712
	45715
	45718
	45721
	45724
	45727
	45730
	45733
	45736
	45739
	45742
	45745
	45748
	45751
	45754
	45757
	45760
	45763
	45766
	45769
	45772
	45775
	45778
	45781
	45784
	45787
	45790
	45793
	45796
	45799
	45802
	45805
	45808
	45811
	45814
	45817
	45820
	45823
	45826
	45829
	45832
	45835
	45838
	45841
	45844
	45847
	45850
	45853
	45856
	45859
	45862
	45865
	45868
	45871
	45874
	45877
	45880
	45883
	45886
	45889
	45892
	45895
	45898
	45901
	45904
	45907
	45910
	45913
	45916
	45919
	45922
	45925
	45928
	45931
	45934
	45937
	45940
	45943
	45946
	45949
	45952
	45955
	45958
	45961
	45964
	45967
	45970
	45973
	45976
	45979
	45982
	45985
	45988
	45991
	45994
	45997
	46000
	46003
	46006
	46009
	46012
	46015
	46018
	46021
	46024
	46027
	46030
	46033
	46036
	46039
	46042
	46045
	46048
	46051
	46054
	46057
	46060
	46063
	46066
	46069
	46072
	46075
	46078
	46081
	46084
	46087
	46090
	46093
	46096
	46099
	46102
	46105
	46108
	46111
	46114
	46117
	46120
	46123
	46126
	46129
	46132
	46135
	46138
	46141
	46144
	46147
	46150
	46153
	46156
	46159
	46162
	46165
	46168
	46171
	46174
	46177
	46180
	46183
	46186
	46189
	46192
	46195
	46198
	46201
	46204
	46207
	46210
	46213
	46216
	46219
	46222
	46225
	46228
	46231
	46234
	46237
	46240
	46243
	46246
	46249
	46252
	46255
	46258
	46261
	46264
	46267
	46270
	46273
	46276
	46279
	46282
	46285
	46288
	46291
	46294
	46297
	46300
	46303
	46306
	46309
	46312
	46315
	46318
	46321
	46324
	46327
	46330
	46333
	46336
	46339
	46342
	46345
	46348
	46351
	46354
	46357
	46360
	46363
	46366
	46369
	46372
	46375
	46378
	46381
	46384
	46387
	46390
	46393
	46396
	46399
	46402
	46405
	46408
	46411
	46414
	46417
	46420
	46423
	46426
	46429
	46432
	46435
	46438
	46441
	46444
	46447
	46450
	46453
	46456
	46459
	46462
	46465
	46468
	46471
	46474
	46477
	46480
	46483
	46486
	46489
	46492
	46495
	46498
	46501
	46504
	46507
	46510
	46513
	46516
	46519
	46522
	46525
	46528
	46531
	46534
	46537
	46540
	46543
	46546
	46549
	46552
	46555
	46558
	46561
	46564
	46567
	46570
	46573
	46576
	46579
	46582
	46585
	46588
	46591
	46594
	46597
	46600
	46603
	46606
	46609
	46612
	46615
	46618
	46621
	46624
	46627
	46630
	46633
	46636
	46639
	46642
	46645
	46648
	46651
	46654
	46657
	46660
	46663
	46666
	46669
	46672
	46675
	46678
	46681
	46684
	46687
	46690
	46693
	46696
	46699
	46702
	46705
	46708
	46711
	46714
	46717
	46720
	46723
	46726
	46729
	46732
	46735
	46738
	46741
	46744
	46747
	46750
	46753
	46756
	46759
	46762
	46765
	46768
	46771
	46774
	46777
	46780
	46783
	46786
	46789
	46792
	46795
	46798
	46801
	46804
	46807
	46810
	46813
	46816
	46819
	46822
	46825
	46828
	46831
	46834
	46837
	46840
	46843
	46846
	46849
	46852
	46855
	46858
	46861
	46864
	46867
	46870
	46873
	46876
	46879
	46882
	46885
	46888
	46891
	46894
	46897
	46900
	46903
	46906
	46909
	46912
	46915
	46918
	46921
	46924
	46927
	46930
	46933
	46936
	46939
	46942
	46945
	46948
	46951
	46954
	46957
	46960
	46963
	46966
	46969
	46972
	46975
	46978
	46981
	46984
	46987
	46990
	46993
	46996
	46999
	47002
	47005
	47008
	47011
	47014
	47017
	47020
	47023
	47026
	47029
	47032
	47035
	47038
	47041
	47044
	47047
	47050
	47053
	47056
	47059
	47062
	47065
	47068
	47071
	47074
	47077
	47080
	47083
	47086
	47089
	47092
	47095
	47098
	47101
	47104
	47107
	47110
	47113
	47116
	47119
	47122
	47125
	47128
	47131
	47134
	47137
	47140
	47143
	47146
	47149
	47152
	47155
	47158
	47161
	47164
	47167
	47170
	47173
	47176
	47179
	47182
	47185
	47188
	47191
	47194
	47197
	47200
	47203
	47206
	47209
	47212
	47215
	47218
	47221
	47224
	47227
	47230
	47233
	47236
	47239
	47242
	47245
	47248
	47251
	47254
	47257
	47260
	47263
	47266
	47269
	47272
	47275
	47278
	47281
	47284
	47287
	47290
	47293
	47296
	47299
	47302
	47305
	47308
	47311
	47314
	47317
	47320
	47323
	47326
	47329
	47332
	47335
	47338
	47341
	47344
	47347
	47350
	47353
	47356
	47359
	47362
	47365
	47368
	47371
	47374
	47377
	47380
	47383
	47386
	47389
	47392
	47395
	47398
	47401
	47404
	47407
	47410
	47413
	47416
	47419
	47422
	47425
	47428
	47431
	47434
	47437
	47440
	47443
	47446
	47449
	47452
	47455
	47458
	47461
	47464
	47467
	47470
	47473
	47476
	47479
	47482
	47485
	47488
	47491
	47494
	47497
	47500
	47503
	47506
	47509
	47512
	47515
	47518
	47521
	47524
	47527
	47530
	47533
	47536
	47539
	47542
	47545
	47548
	47551
	47554
	47557
	47560
	47563
	47566
	47569
	47572
	47575
	47578
	47581
	47584
	47587
	47590
	47593
	47596
	47599
	47602
	47605
	47608
	47611
	47614
	47617
	47620
	47623
	47626
	47629
	47632
	47635
	47638
	47641
	47644
	47647
	47650
	47653
	47656
	47659
	47662
	47665
	47668
	47671
	47674
	47677
	47680
	47683
	47686
	47689
	47692
	47695
	47698
	47701
	47704
	47707
	47710
	47713
	47716
	47719
	47722
	47723
	47724
	47725
	47726
	47727
	47728
	47729
	47730
	47731
	47732
	47733
	47734
	47735
	47736
	47737
	47738
	47739
	47740
	47741
	47742
	47743
	47744
	47745
	47746
	47747
	47748
	47749
	47750
	47751
	47752
	47753
	47754
	47755
	47756
	47757
	47758
	47759
	47760
	47761
	47762
	47763
	47764
	47765
	47766
	47767
	47768
	47769
	47770
	47771
	47772
	47773
	47774
	47775
	47776
	47777
	47778
	47779
	47780
	47781
	47782
	47783
	47784
	47785
	47786
	47787
	47788
	47789
	47790
	47791
	47792
	47793
	47794
	47795
	47796
	47797
	47798
	47799
	47800
	47801
	47802
	47803
	47804
	47805
	47806
	47807
	47808
	47809
	47810
	47811
	47812
	47813
	47814
	47815
	47816
	47817
	47818
	47819
	47820
	47821
	47822
	47823
	47824
	47825
	47826
	47827
	47828
	47829
	47830
	47831
	47832
	47833
	47834
	47835
	47836
	47837
	47838
	47839
	47840
	47841
	47842
	47843
	47844
	47845
	47846
	47847
	47848
	47849
	47850
	47851
	47852
	47853
	47854
	47855
	47856
	47857
	47858
	47859
	47860
	47861
	47862
	47863
	47864
	47865
	47866
	47867
	47868
	47869
	47870
	47871
	47872
	47873
	47874
	47875
	47876
	47877
	47878
	47879
	47880
	47881
	47882
	47883
	47884
	47885
	47886
	47887
	47888
	47889
	47890
	47891
	47892
	47893
	47894
	47895
	47896
	47897
	47898
	47899
	47900
	47901
	47902
	47903
	47904
	47905
	47906
	47907
	47908
	47909
	47910
	47911
	47912
	47913
	47914
	47915
	47916
	47917
	47918
	47919
	47920
	47921
	47922
	47923
	47924
	47925
	47926
	47927
	47928
	47929
	47930
	47931
	47932
	47933
	47934
	47935
	47936
	47937
	47938
	47939
	47940
	47941
	47942
	47943
	47944
	47945
	47946
	47947
	47948
	47949
	47950
	47951
	47952
	47953
	47954
	47955
	47956
	47957
	47958
	47959
	47960
	47961
	47962
	47963
	47964
	47965
	47966
	47967
	47968
	47969
	47970
	47971
	47972
	47973
	47974
	47975
	47976
	47977
	47978
	47979
	47980
	47981
	47982
	47983
	47984
	47985
	47986
	47987
	47988
	47989
	47990
	47991
	47992
	47993
	47994
	47995
	47996
	47997
	47998
	47999
	48000
	48001
	48002
	48003
	48004
	48005
	48006
	48007
	48008
	48009
	48010
	48011
	48012
	48013
	48014
	48015
	48016
	48017
	48018
	48019
	48020
	48021
	48022
	48023
	48024
	48025
	48026
	48027
	48028
	48029
	48030
	48031
	48032
	48033
	48034
	48035
	48036
	48037
	48038
	48039
	48040
	48041
	48042
	48043
	48044
	48045
	48046
	48047
	48048
	48049
	48050
	48051
	48052
	48053
	48054
	48055
	48056
	48057
	48058
	48059
	48060
	48061
	48062
	48063
	48064
	48065
	48066
	48067
	48068
	48069
	48070
	48071
	48072
	48073
	48074
	48075
	48076
	48077
	48078
	48079
	48080
	48081
	48082
	48083
	48084
	48085
	48086
	48087
	48088
	48089
	48090
	48091
	48092
	48093
	48094
	48095
	48096
	48097
	48098
	48099
	48100
	48101
	48102
	48103
	48104
	48105
	48106
	48107
	48108
	48109
	48110
	48111
	48112
	48113
	48114
	48115
	48116
	48117
	48118
	48119
	48120
	48121
	48122
	48123
	48124
	48125
	48126
	48127
	48128
	48129
	48130
	48131
	48132
	48133
	48134
	48135
	48136
	48137
	48138
	48139
	48140
	48141
	48142
	48143
	48144
	48145
	48146
	48147
	48148
	48149
	48150
	48151
	48152
	48153
	48154
	48155
	48156
	48157
	48158
	48159
	48160
	48161
	48162
	48163
	48164
	48165
	48166
	48167
	48168
	48169
	48170
	48171
	48172
	48173
	48174
	48175
	48176
	48177
	48178
	48179
	48180
	48181
	48182
	48183
	48184
	48185
	48186
	48187
	48188
	48189
	48190
	48191
	48192
	48193
	48194
	48195
	48196
	48197
	48198
	48199
	48200
	48201
	48202
	48203
	48204
	48205
	48206
	48207
	48208
	48209
	48210
	48211
	48212
	48213
	48214
	48215
	48216
	48217
	48218
	48219
	48220
	48221
	48222
	48223
	48224
	48225
	48226
	48227
	48228
	48229
	48230
	48231
	48232
	48233
	48234
	48235
	48236
	48237
	48238
	48239
	48240
	48241
	48242
	48243
	48244
	48245
	48246
	48247
	48248
	48249
	48250
	48251
	48252
	48253
	48254
	48255
	48256
	48257
	48258
	48259
	48260
	48261
	48262
	48263
	48264
	48265
	48266
	48267
	48268
	48269
	48270
	48271
	48272
	48273
	48274
	48275
	48276
	48277
	48278
	48279
	48280
	48281
	48282
	48283
	48284
	48285
	48286
	48287
	48288
	48289
	48290
	48291
	48292
	48293
	48294
	48295
	48296
	48297
	48298
	48299
	48300
	48301
	48302
	48303
	48304
	48305
	48306
	48307
	48308
	48309
	48310
	48311
	48312
	48313
	48314
	48315
	48316
	48317
	48318
	48319
	48320
	48321
	48322
	48323
	48324
	48325
	48326
	48327
	48328
	48329
	48330
	48331
	48332
	48333
	48334
	48335
	48336
	48337
	48338
	48339
	48340
	48341
	48342
	48343
	48344
	48345
	48346
	48347
	48348
	48349
	48350
	48351
	48352
	48353
	48354
	48355
	48356
	48357
	48358
	48359
	48360
	48361
	48362
	48363
	48364
	48365
	48366
	48367
	48368
	48369
	48370
	48371
	48372
	48373
	48374
	48375
	48376
	48377
	48378
	48379
	48380
	48381
	48382
	48383
	48384
	48385
	48386
	48387
	48388
	48389
	48390
	48391
	48392
	48393
	48394
	48395
	48396
	48397
	48398
	48399
	48400
	48401
	48402
	48403
	48404
	48405
	48406
	48407
	48408
	48409
	48410
	48411
	48412
	48413
	48414
	48415
	48416
	48417
	48418
	48419
	48420
	48421
	48422
	48423
	48424
	48425
	48426
	48427
	48428
	48429
	48430
	48431
	48432
	48433
	48434
	48435
	48436
	48437
	48438
	48439
	48440
	48441
	48442
	48443
	48444
	48445
	48446
	48447
	48448
	48449
	48450
	48451
	48452
	48453
	48454
	48455
	48456
	48457
	48458
	48459
	48460
	48461
	48462
	48463
	48464
	48465
	48466
	48467
	48468
	48469
	48470
	48471
	48472
	48473
	48474
	48475
	48476
	48477
	48478
	48479
	48480
	48481
	48482
	48483
	48484
	48485
	48486
	48487
	48488
	48489
	48490
	48491
	48492
	48493
	48494
	48495
	48496
	48497
	48498
	48499
	48500
	48501
	48502
	48503
	48504
	48505
	48506
	48507
	48508
	48509
	48510
	48511
	48512
	48513
	48514
	48515
	48516
	48517
	48518
	48519
	48520
	48521
	48522
	48523
	48524
	48525
	48526
	48527
	48528
	48529
	48530
	48531
	48532
	48533
	48534
	48535
	48536
	48537
	48538
	48539
	48540
	48541
	48542
	48543
	48544
	48545
	48546
	48547
	48548
	48549
	48550
	48551
	48552
	48553
	48554
	48555
	48556
	48557
	48558
	48559
	48560
	48561
	48562
	48563
	48564
	48565
	48566
	48567
	48568
	48569
	48570
	48571
	48572
	48573
	48574
	48575
	48576
	48577
	48578
	48579
	48580
	48581
	48582
	48583
	48584
	48585
	48586
	48587
	48588
	48589
	48590
	48591
	48592
	48593
	48594
	48595
	48596
	48597
	48598
	48599
	48600
	48601
	48602
	48603
	48604
	48605
	48606
	48607
	48608
	48609
	48610
	48611
	48612
	48613
	48614
	48615
	48616
	48617
	48618
	48619
	48620
	48621
	48622
	48623
	48624
	48625
	48626
	48627
	48628
	48629
	48630
	48631
	48632
	48633
	48634
	48635
	48636
	48637
	48638
	48639
	48640
	48641
	48642
	48643
	48644
	48645
	48646
	48647
	48648
	48649
	48650
	48651
	48652
	48653
	48654
	48655
	48656
	48657
	48658
	48659
	48660
	48661
	48662
	48663
	48664
	48665
	48666
	48667
	48668
	48669
	48670
	48671
	48672
	48673
	48674
	48675
	48676
	48677
	48678
	48679
	48680
	48681
	48682
	48683
	48684
	48685
	48686
	48687
	48688
	48689
	48690
	48691
	48692
	48693
	48694
	48695
	48696
	48697
	48698
	48699
	48700
	48701
	48702
	48703
	48704
	48705
	48706
	48707
	48708
	48709
	48710
	48711
	48712
	48713
	48714
	48715
	48716
	48717
	48718
	48719
	48720
	48721
	48722
	48723
	48724
	48725
	48726
	48727
	48728
	48729
	48730
	48731
	48732
	48733
	48734
	48735
	48736
	48737
	48738
	48739
	48740
	48741
	48742
	48743
	48744
	48745
	48746
	48747
	48748
	48749
	48750
	48751
	48752
	48753
	48754
	48755
	48756
	48757
	48758
	48759
	48760
	48761
	48762
	48763
	48764
	48765
	48766
	48767
	48768
	48769
	48770
	48771
	48772
	48773
	48774
	48775
	48776
	48777
	48778
	48779
	48780
	48781
	48782
	48783
	48784
	48785
	48786
	48787
	48788
	48789
	48790
	48791
	48792
	48793
	48794
	48795
	48796
	48797
	48798
	48799
	48800
	48801
	48802
	48803
	48804
	48805
	48806
	48807
	48808
	48809
	48810
	48811
	48812
	48813
	48814
	48815
	48816
	48817
	48818
	48819
	48820
	48821
	48822
	48823
	48824
	48825
	48826
	48827
	48828
	48829
	48830
	48831
	48832
	48833
	48834
	48835
	48836
	48837
	48838
	48839
	48840
	48841
	48842
	48843
	48844
	48845
	48846
	48847
	48848
	48849
	48850
	48851
	48852
	48853
	48854
	48855
	48856
	48857
	48858
	48859
	48860
	48861
	48862
	48863
	48864
	48865
	48866
	48867
	48868
	48869
	48870
	48871
	48872
	48873
	48874
	48875
	48876
	48877
	48878
	48879
	48880
	48881
	48882
	48883
	48884
	48885
	48886
	48887
	48888
	48889
	48890
	48891
	48892
	48893
	48894
	48895
	48896
	48897
	48898
	48899
	48900
	48901
	48902
	48903
	48904
	48905
	48906
	48907
	48908
	48909
	48910
	48911
	48912
	48913
	48914
	48915
	48916
	48917
	48918
	48919
	48920
	48921
	48922
	48923
	48924
	48925
	48926
	48927
	48928
	48929
	48930
	48931
	48932
	48933
	48934
	48935
	48936
	48937
	48938
	48939
	48940
	48941
	48942
	48943
	48944
	48945
	48946
	48947
	48948
	48949
	48950
	48951
	48952
	48953
	48954
	48955
	48956
	48957
	48958
	48959
	48960
	48961
	48962
	48963
	48964
	48965
	48966
	48967
	48968
	48969
	48970
	48971
	48972
	48973
	48974
	48975
	48976
	48977
	48978
	48979
	48980
	48981
	48982
	48983
	48984
	48985
	48986
	48987
	48988
	48989
	48990
	48991
	48992
	48993
	48994
	48995
	48996
	48997
	48998
	48999
	49000
	49001
	49002
	49003
	49004
	49005
	49006
	49007
	49008
	49009
	49010
	49011
	49012
	49013
	49014
	49015
	49016
	49017
	49018
	49019
	49020
	49021
	49022
	49023
	49024
	49025
	49026
	49027
	49028
	49029
	49030
	49031
	49032
	49033
	49034
	49035
	49036
	49037
	49038
	49039
	49040
	49041
	49042
	49043
	49044
	49045
	49046
	49047
	49048
	49049
	49050
	49051
	49052
	49053
	49054
	49055
	49056
	49057
	49058
	49059
	49060
	49061
	49062
	49063
	49064
	49065
	49066
	49067
	49068
	49069
	49070
	49071
	49072
	49073
	49074
	49075
	49076
	49077
	49078
	49079
	49080
	49081
	49082
	49083
	49084
	49085
	49086
	49087
	49088
	49089
	49090
	49091
	49092
	49093
	49094
	49095
	49096
	49097
	49098
	49099
	49100
	49101
	49102
	49103
	49104
	49105
	49106
	49107
	49108
	49109
	49110
	49111
	49112
	49113
	49114
	49115
	49116
	49117
	49118
	49119
	49120
	49121
	49122
	49123
	49124
	49125
	49126
	49127
	49128
	49129
	49130
	49131
	49132
	49133
	49134
	49135
	49136
	49137
	49138
	49139
	49140
	49141
	49142
	49143
	49144
	49145
	49146
	49147
	49148
	49149
	49150
	49151
	49152
	49153
	49154
	49155
	49156
	49157
	49158
	49159
	49160
	49161
	49162
	49163
	49164
	49165
	49166
	49167
	49168
	49169
	49170
	49171
	49172
	49173
	49174
	49175
	49176
	49177
	49178
	49179
	49180
	49181
	49182
	49183
	49184
	49185
	49186
	49187
	49188
	49189
	49190
	49191
	49192
	49193
	49194
	49195
	49196
	49197
	49198
	49199
	49200
	49201
	49202
	49203
	49204
	49205
	49206
	49207
	49208
	49209
	49210
	49211
	49212
	49213
	49214
	49215
	49216
	49217
	49218
	49219
	49220
	49221
	49222
	49223
	49224
	49225
	49226
	49227
	49228
	49229
	49230
	49231
	49232
	49233
	49234
	49235
	49236
	49237
	49238
	49239
	49240
	49241
	49242
	49243
	49244
	49245
	49246
	49247
	49248
	49249
	49250
	49251
	49252
	49253
	49254
	49255
	49256
	49257
	49258
	49259
	49260
	49261
	49262
	49263
	49264
	49265
	49266
	49267
	49268
	49269
	49270
	49271
	49272
	49273
	49274
	49275
	49276
	49277
	49278
	49279
	49280
	49281
	49282
	49283
	49284
	49285
	49286
	49287
	49288
	49289
	49290
	49291
	49292
	49293
	49294
	49295
	49296
	49297
	49298
	49299
	49300
	49301
	49302
	49303
	49304
	49305
	49306
	49307
	49308
	49309
	49310
	49311
	49312
	49313
	49314
	49315
	49316
	49317
	49318
	49319
	49320
	49321
	49322
	49323
	49324
	49325
	49326
	49327
	49328
	49329
	49330
	49331
	49332
	49333
	49334
	49335
	49336
	49337
	49338
	49339
	49340
	49341
	49342
	49343
	49344
	49345
	49346
	49347
	49348
	49349
	49350
	49351
	49352
	49353
	49354
	49355
	49356
	49357
	49358
	49359
	49360
	49361
	49362
	49363
	49364
	49365
	49366
	49367
	49368
	49369
	49370
	49371
	49372
	49373
	49374
	49375
	49376
	49377
	49378
	49379
	49380
	49381
	49382
	49383
	49384
	49385
	49386
	49387
	49388
	49389
	49390
	49391
	49392
	49393
	49394
	49395
	49396
	49397
	49398
	49399
	49400
	49401
	49402
	49403
	49404
	49405
	49406
	49407
	49408
	49409
	49410
	49411
	49412
	49413
	49414
	49415
	49416
	49417
	49418
	49419
	49420
	49421
	49422
	49423
	49424
	49425
	49426
	49427
	49428
	49429
	49430
	49431
	49432
	49433
	49434
	49435
	49436
	49437
	49438
	49439
	49440
	49441
	49442
	49443
	49444
	49445
	49446
	49447
	49448
	49449
	49450
	49451
	49452
	49453
	49454
	49455
	49456
	49457
	49458
	49459
	49460
	49461
	49462
	49463
	49464
	49465
	49466
	49467
	49468
	49469
	49470
	49471
	49472
	49473
	49474
	49475
	49476
	49477
	49478
	49479
	49480
	49481
	49482
	49483
	49484
	49485
	49486
	49487
	49488
	49489
	49490
	49491
	49492
	49493
	49494
	49495
	49496
	49497
	49498
	49499
	49500
	49501
	49502
	49503
	49504
	49505
	49506
	49507
	49508
	49509
	49510
	49511
	49512
	49513
	49514
	49515
	49516
	49517
	49518
	49519
	49520
	49521
	49522
	49523
	49524
	49525
	49526
	49527
	49528
	49529
	49530
	49531
	49532
	49533
	49534
	49535
	49536
	49537
	49538
	49539
	49540
	49541
	49542
	49543
	49544
	49545
	49546
	49547
	49548
	49549
	49550
	49551
	49552
	49553
	49554
	49555
	49556
	49557
	49558
	49559
	49560
	49561
	49562
	49563
	49564
	49565
	49566
	49567
	49568
	49569
	49570
	49571
	49572
	49573
	49574
	49575
	49576
	49577
	49578
	49579
	49580
	49581
	49582
	49583
	49584
	49585
	49586
	49587
	49588
	49589
	49590
	49591
	49592
	49593
	49594
	49595
	49596
	49597
	49598
	49599
	49600
	49601
	49602
	49603
	49604
	49605
	49606
	49607
	49608
	49609
	49610
	49611
	49612
	49613
	49614
	49615
	49616
	49617
	49618
	49619
	49620
	49621
	49622
	49623
	49624
	49625
	49626
	49627
	49628
	49629
	49630
	49631
	49632
	49633
	49634
	49635
	49636
	49637
	49638
	49639
	49640
	49641
	49642
	49643
	49644
	49645
	49646
	49647
	49648
	49649
	49650
	49651
	49652
	49653
	49654
	49655
	49656
	49657
	49658
	49659
	49660
	49661
	49662
	49663
	49664
	49665
	49666
	49667
	49668
	49669
	49670
	49671
	49672
	49673
	49674
	49675
	49676
	49677
	49678
	49679
	49680
	49681
	49682
	49683
	49684
	49685
	49686
	49687
	49688
	49689
	49690
	49691
	49692
	49693
	49694
	49695
	49696
	49697
	49698
	49699
	49700
	49701
	49702
	49703
	49704
	49705
	49706
	49707
	49708
	49709
	49710
	49711
	49712
	49713
	49714
	49715
	49716
	49717
	49718
	49719
	49720
	49721
	49722
	49723
	49724
	49725
	49726
	49727
	49728
	49729
	49730
	49731
	49732
	49733
	49734
	49735
	49736
	49737
	49738
	49739
	49740
	49741
	49742
	49743
	49744
	49745
	49746
	49747
	49748
	49749
	49750
	49751
	49752
	49753
	49754
	49755
	49756
	49757
	49758
	49759
	49760
	49761
	49762
	49763
	49764
	49765
	49766
	49767
	49768
	49769
	49770
	49771
	49772
	49773
	49774
	49775
	49776
	49777
	49778
	49779
	49780
	49781
	49782
	49783
	49784
	49785
	49786
	49787
	49788
	49789
	49790
	49791
	49792
	49793
	49794
	49795
	49796
	49797
	49798
	49799
	49800
	49801
	49802
	49803
	49804
	49805
	49806
	49807
	49808
	49809
	49810
	49811
	49812
	49813
	49814
	49815
	49816
	49817
	49818
	49819
	49820
	49821
	49822
	49823
	49824
	49825
	49826
	49827
	49828
	49829
	49830
	49831
	49832
	49833
	49834
	49835
	49836
	49837
	49838
	49839
	49840
	49841
	49842
	49843
	49844
	49845
	49846
	49847
	49848
	49849
	49850
	49851
	49852
	49853
	49854
	49855
	49856
	49857
	49858
	49859
	49860
	49861
	49862
	49863
	49864
	49865
	49866
	49867
	49868
	49869
	49870
	49871
	49872
	49873
	49874
	49875
	49876
	49877
	49878
	49879
	49880
	49881
	49882
	49883
	49884
	49885
	49886
	49887
	49888
	49889
	49890
	49891
	49892
	49893
	49894
	49895
	49896
	49897
	49898
	49899
	49900
	49901
	49902
	49903
	49904
	49905
	49906
	49907
	49908
	49909
	49910
	49911
	49912
	49913
	49914
	49915
	49916
	49917
	49918
	49919
	49920
	49921
	49922
	49923
	49924
	49925
	49926
	49927
	49928
	49929
	49930
	49931
	49932
	49933
	49934
	49935
	49936
	49937
	49938
	49939
	49940
	49941
	49942
	49943
	49944
	49945
	49946
	49947
	49948
	49949
	49950
	49951
	49952
	49953
	49954
	49955
	49956
	49957
	49958
	49959
	49960
	49961
	49962
	49963
	49964
	49965
	49966
	49967
	49968
	49969
	49970
	49971
	49972
	49973
	49974
	49975
	49976
	49977
	49978
	49979
	49980
	49981
	49982
	49983
	49984
	49985
	49986
	49987
	49988
	49989
	49990
	49991
	49992
	49993
	49994
	49995
	49996
	49997
	49998
	49999
	50000
	50001
	50002
	50003
	50004
	50005
	50006
	50007
	50008
	50009
	50010
	50011
	50012
	50013
	50014
	50015
	50016
	50017
	50018
	50019
	50020
	50021
	50022
	50023
	50024
	50025
	50026
	50027
	50028
	50029
	50030
	50031
	50032
	50033
	50034
	50035
	50036
	50037
	50038
	50039
	50040
	50041
	50042
	50043
	50044
	50045
	50046
	50047
	50048
	50049
	50050
	50051
	50052
	50053
	50054
	50055
	50056
	50057
	50058
	50059
	50060
	50061
	50062
	50063
	50064
	50065
	50066
	50067
	50068
	50069
	50070
	50071
	50072
	50073
	50074
	50075
	50076
	50077
	50078
	50079
	50080
	50081
	50082
	50083
	50084
	50085
	50086
	50087
	50088
	50089
	50090
	50091
	50092
	50093
	50094
	50095
	50096
	50097
	50098
	50099
	50100
	50101
	50102
	50103
	50104
	50105
	50106
	50107
	50108
	50109
	50110
	50111
	50112
	50113
	50114
	50115
	50116
	50117
	50118
	50119
	50120
	50121
	50122
	50123
	50124
	50125
	50126
	50127
	50128
	50129
	50130
	50131
	50132
	50133
	50134
	50135
	50136
	50137
	50138
	50139
	50140
	50141
	50142
	50143
	50144
	50145
	50146
	50147
	50148
	50149
	50150
	50151
	50152
	50153
	50154
	50155
	50156
	50157
	50158
	50159
	50160
	50161
	50162
	50163
	50164
	50165
	50166
	50167
	50168
	50169
	50170
	50171
	50172
	50173
	50174
	50175
	50176
	50177
	50178
	50179
	50180
	50181
	50182
	50183
	50184
	50185
	50186
	50187
	50188
	50189
	50190
	50191
	50192
	50193
	50194
	50195
	50196
	50197
	50198
	50199
	50200
	50201
	50202
	50203
	50204
	50205
	50206
	50207
	50208
	50209
	50210
	50211
	50212
	50213
	50214
	50215
	50216
	50217
	50218
	50219
	50220
	50221
	50222
	50223
	50224
	50225
	50226
	50227
	50228
	50229
	50230
	50231
	50232
	50233
	50234
	50235
	50236
	50237
	50238
	50239
	50240
	50241
	50242
	50243
	50244
	50245
	50246
	50247
	50248
	50249
	50250
	50251
	50252
	50253
	50254
	50255
	50256
	50257
	50258
	50259
	50260
	50261
	50262
	50263
	50264
	50265
	50266
	50267
	50268
	50269
	50270
	50271
	50272
	50273
	50274
	50275
	50276
	50277
	50278
	50279
	50280
	50281
	50282
	50283
	50284
	50285
	50286
	50287
	50288
	50289
	50290
	50291
	50292
	50293
	50294
	50295
	50296
	50297
	50298
	50299
	50300
	50301
	50302
	50303
	50304
	50305
	50306
	50307
	50308
	50309
	50310
	50311
	50312
	50313
	50314
	50315
	50316
	50317
	50318
	50319
	50320
	50321
	50322
	50323
	50324
	50325
	50326
	50327
	50328
	50329
	50330
	50331
	50332
	50333
	50334
	50335
	50336
	50337
	50338
	50339
	50340
	50341
	50342
	50343
	50344
	50345
	50346
	50347
	50348
	50349
	50350
	50351
	50352
	50353
	50354
	50355
	50356
	50357
	50358
	50359
	50360
	50361
	50362
	50363
	50364
	50365
	50366
	50367
	50368
	50369
	50370
	50371
	50372
	50373
	50374
	50375
	50376
	50377
	50378
	50379
	50380
	50381
	50382
	50383
	50384
	50385
	50386
	50387
	50388
	50389
	50390
	50391
	50392
	50393
	50394
	50395
	50396
	50397
	50398
	50399
	50400
	50401
	50402
	50403
	50404
	50405
	50406
	50407
	50408
	50409
	50410
	50411
	50412
	50413
	50414
	50415
	50416
	50417
	50418
	50419
	50420
	50421
	50422
	50423
	50424
	50425
	50426
	50427
	50428
	50429
	50430
	50431
	50432
	50433
	50434
	50435
	50436
	50437
	50438
	50439
	50440
	50441
	50442
	50443
	50444
	50445
	50446
	50447
	50448
	50449
	50450
	50451
	50452
	50453
	50454
	50455
	50456
	50457
	50458
	50459
	50460
	50461
	50462
	50463
	50464
	50465
	50466
	50467
	50468
	50469
	50470
	50471
	50472
	50473
	50474
	50475
	50476
	50477
	50478
	50479
	50480
	50481
	50482
	50483
	50484
	50485
	50486
	50487
	50488
	50489
	50490
	50491
	50492
	50493
	50494
	50495
	50496
	50497
	50498
	50499
	50500
	50501
	50502
	50503
	50504
	50505
	50506
	50507
	50508
	50509
	50510
	50511
	50512
	50513
	50514
	50515
	50516
	50517
	50518
	50519
	50520
	50521
	50522
	50523
	50524
	50525
	50526
	50527
	50528
	50529
	50530
	50531
	50532
	50533
	50534
	50535
	50536
	50537
	50538
	50539
	50540
	50541
	50542
	50543
	50544
	50545
	50546
	50547
	50548
	50549
	50550
	50551
	50552
	50553
	50554
	50555
	50556
	50557
	50558
	50559
	50560
	50561
	50562
	50563
	50564
	50565
	50566
	50567
	50568
	50569
	50570
	50571
	50572
	50573
	50574
	50575
	50576
	50577
	50578
	50579
	50580
	50581
	50582
	50583
	50584
	50585
	50586
	50587
	50588
	50589
	50590
	50591
	50592
	50593
	50594
	50595
	50596
	50597
	50598
	50599
	50600
	50601
	50602
	50603
	50604
	50605
	50606
	50607
	50608
	50609
	50610
	50611
	50612
	50613
	50614
	50615
	50616
	50617
	50618
	50619
	50620
	50621
	50622
	50623
	50624
	50625
	50626
	50627
	50628
	50629
	50630
	50631
	50632
	50633
	50634
	50635
	50636
	50637
	50638
	50639
	50640
	50641
	50642
	50643
	50644
	50645
	50646
	50647
	50648
	50649
	50650
	50651
	50652
	50653
	50654
	50655
	50656
	50657
	50658
	50659
	50660
	50661
	50662
	50663
	50664
	50665
	50666
	50667
	50668
	50669
	50670
	50671
	50672
	50673
	50674
	50675
	50676
	50677
	50678
	50679
	50680
	50681
	50682
	50683
	50684
	50685
	50686
	50687
	50688
	50689
	50690
	50691
	50692
	50693
	50694
	50695
	50696
	50697
	50698
	50699
	50700
	50701
	50702
	50703
	50704
	50705
	50706
	50707
	50708
	50709
	50710
	50711
	50712
	50713
	50714
	50715
	50716
	50717
	50718
	50719
	50720
	50721
	50722
	50723
	50724
	50725
	50726
	50727
	50728
	50729
	50730
	50731
	50732
	50733
	50734
	50735
	50736
	50737
	50738
	50739
	50740
	50741
	50742
	50743
	50744
	50745
	50746
	50747
	50748
	50749
	50750
	50751
	50752
	50753
	50754
	50755
	50756
	50757
	50758
	50759
	50760
	50761
	50762
	50763
	50764
	50765
	50766
	50767
	50768
	50769
	50770
	50771
	50772
	50773
	50774
	50775
	50776
	50777
	50778
	50779
	50780
	50781
	50782
	50783
	50784
	50785
	50786
	50787
	50788
	50789
	50790
	50791
	50792
	50793
	50794
	50795
	50796
	50797
	50798
	50799
	50800
	50801
	50802
	50803
	50804
	50805
	50806
	50807
	50808
	50809
	50810
	50811
	50812
	50813
	50814
	50815
	50816
	50817
	50818
	50819
	50820
	50821
	50822
	50823
	50824
	50825
	50826
	50827
	50828
	50829
	50830
	50831
	50832
	50833
	50834
	50835
	50836
	50837
	50838
	50839
	50840
	50841
	50842
	50843
	50844
	50845
	50846
	50847
	50848
	50849
	50850
	50851
	50852
	50853
	50854
	50855
	50856
	50857
	50858
	50859
	50860
	50861
	50862
	50863
	50864
	50865
	50866
	50867
	50868
	50869
	50870
	50871
	50872
	50873
	50874
	50875
	50876
	50877
	50878
	50879
	50880
	50881
	50882
	50883
	50884
	50885
	50886
	50887
	50888
	50889
	50890
	50891
	50892
	50893
	50894
	50895
	50896
	50897
	50898
	50899
	50900
	50901
	50902
	50903
	50904
	50905
	50906
	50907
	50908
	50909
	50910
	50911
	50912
	50913
	50914
	50915
	50916
	50917
	50918
	50919
	50920
	50921
	50922
	50923
	50924
	50925
	50926
	50927
	50928
	50929
	50930
	50931
	50932
	50933
	50934
	50935
	50936
	50937
	50938
	50939
	50940
	50941
	50942
	50943
	50944
	50945
	50946
	50947
	50948
	50949
	50950
	50951
	50952
	50953
	50954
	50955
	50956
	50957
	50958
	50959
	50960
	50961
	50962
	50963
	50964
	50965
	50966
	50967
	50968
	50969
	50970
	50971
	50972
	50973
	50974
	50975
	50976
	50977
	50978
	50979
	50980
	50981
	50982
	50983
	50984
	50985
	50986
	50987
	50988
	50989
	50990
	50991
	50992
	50993
	50994
	50995
	50996
	50997
	50998
	50999
	51000
	51001
	51002
	51003
	51004
	51005
	51006
	51007
	51008
	51009
	51010
	51011
	51012
	51013
	51014
	51015
	51016
	51017
	51018
	51019
	51020
	51021
	51022
	51023
	51024
	51025
	51026
	51027
	51028
	51029
	51030
	51031
	51032
	51033
	51034
	51035
	51036
	51037
	51038
	51039
	51040
	51041
	51042
	51043
	51044
	51045
	51046
	51047
	51048
	51049
	51050
	51051
	51052
	51053
	51054
	51055
	51056
	51057
	51058
	51059
	51060
	51061
	51062
	51063
	51064
	51065
	51066
	51067
	51068
	51069
	51070
	51071
	51072
	51073
	51074
	51075
	51076
	51077
	51078
	51079
	51080
	51081
	51082
	51083
	51084
	51085
	51086
	51087
	51088
	51089
	51090
	51091
	51092
	51093
	51094
	51095
	51096
	51097
	51098
	51099
	51100
	51101
	51102
	51103
	51104
	51105
	51106
	51107
	51108
	51109
	51110
	51111
	51112
	51113
	51114
	51115
	51116
	51117
	51118
	51119
	51120
	51121
	51122
	51123
	51124
	51125
	51126
	51127
	51128
	51129
	51130
	51131
	51132
	51133
	51134
	51135
	51136
	51137
	51138
	51139
	51140
	51141
	51142
	51143
	51144
	51145
	51146
	51147
	51148
	51149
	51150
	51151
	51152
	51153
	51154
	51155
	51156
	51157
	51158
	51159
	51160
	51161
	51162
	51163
	51164
	51165
	51166
	51167
	51168
	51169
	51170
	51171
	51172
	51173
	51174
	51175
	51176
	51177
	51178
	51179
	51180
	51181
	51182
	51183
	51184
	51185
	51186
	51187
	51188
	51189
	51190
	51191
	51192
	51193
	51194
	51195
	51196
	51197
	51198
	51199
	51200
	51201
	51202
	51203
	51204
	51205
	51206
	51207
	51208
	51209
	51210
	51211
	51212
	51213
	51214
	51215
	51216
	51217
	51218
	51219
	51220
	51221
	51222
	51223
	51224
	51225
	51226
	51227
	51228
	51229
	51230
	51231
	51232
	51233
	51234
	51235
	51236
	51237
	51238
	51239
	51240
	51241
	51242
	51243
	51244
	51245
	51246
	51247
	51248
	51249
	51250
	51251
	51252
	51253
	51254
	51255
	51256
	51257
	51258
	51259
	51260
	51261
	51262
	51263
	51264
	51265
	51266
	51267
	51268
	51269
	51270
	51271
	51272
	51273
	51274
	51275
	51276
	51277
	51278
	51279
	51280
	51281
	51282
	51283
	51284
	51285
	51286
	51287
	51288
	51289
	51290
	51291
	51292
	51293
	51294
	51295
	51296
	51297
	51298
	51299
	51300
	51301
	51302
	51303
	51304
	51305
	51306
	51307
	51308
	51309
	51310
	51311
	51312
	51313
	51314
	51315
	51316
	51317
	51318
	51319
	51320
	51321
	51322
	51323
	51324
	51325
	51326
	51327
	51328
	51329
	51330
	51331
	51332
	51333
	51334
	51335
	51336
	51337
	51338
	51339
	51340
	51341
	51342
	51343
	51344
	51345
	51346
	51347
	51348
	51349
	51350
	51351
	51352
	51353
	51354
	51355
	51356
	51357
	51358
	51359
	51360
	51361
	51362
	51363
	51364
	51365
	51366
	51367
	51368
	51369
	51370
	51371
	51372
	51373
	51374
	51375
	51376
	51377
	51378
	51379
	51380
	51381
	51382
	51383
	51384
	51385
	51386
	51387
	51388
	51389
	51390
	51391
	51392
	51393
	51394
	51395
	51396
	51397
	51398
	51399
	51400
	51401
	51402
	51403
	51404
	51405
	51406
	51407
	51408
	51409
	51410
	51411
	51412
	51413
	51414
	51415
	51416
	51417
	51418
	51419
	51420
	51421
	51422
	51423
	51424
	51425
	51426
	51427
	51428
	51429
	51430
	51431
	51432
	51433
	51434
	51435
	51436
	51437
	51438
	51439
	51440
	51441
	51442
	51443
	51444
	51445
	51446
	51447
	51448
	51449
	51450
	51451
	51452
	51453
	51454
	51455
	51456
	51457
	51458
	51459
	51460
	51461
	51462
	51463
	51464
	51465
	51466
	51467
	51468
	51469
	51470
	51471
	51472
	51473
	51474
	51475
	51476
	51477
	51478
	51479
	51480
	51481
	51482
	51483
	51484
	51485
	51486
	51487
	51488
	51489
	51490
	51491
	51492
	51493
	51494
	51495
	51496
	51497
	51498
	51499
	51500
	51501
	51502
	51503
	51504
	51505
	51506
	51507
	51508
	51509
	51510
	51511
	51512
	51513
	51514
	51515
	51516
	51517
	51518
	51519
	51520
	51521
	51522
	51523
	51524
	51525
	51526
	51527
	51528
	51529
	51530
	51531
	51532
	51533
	51534
	51535
	51536
	51537
	51538
	51539
	51540
	51541
	51542
	51543
	51544
	51545
	51546
	51547
	51548
	51549
	51550
	51551
	51552
	51553
	51554
	51555
	51556
	51557
	51558
	51559
	51560
	51561
	51562
	51563
	51564
	51565
	51566
	51567
	51568
	51569
	51570
	51571
	51572
	51573
	51574
	51575
	51576
	51577
	51578
	51579
	51580
	51581
	51582
	51583
	51584
	51585
	51586
	51587
	51588
	51589
	51590
	51591
	51592
	51593
	51594
	51595
	51596
	51597
	51598
	51599
	51600
	51601
	51602
	51603
	51604
	51605
	51606
	51607
	51608
	51609
	51610
	51611
	51612
	51613
	51614
	51615
	51616
	51617
	51618
	51619
	51620
	51621
	51622
	51623
	51624
	51625
	51626
	51627
	51628
	51629
	51630
	51631
	51632
	51633
	51634
	51635
	51636
	51637
	51638
	51639
	51640
	51641
	51642
	51643
	51644
	51645
	51646
	51647
	51648
	51649
	51650
	51651
	51652
	51653
	51654
	51655
	51656
	51657
	51658
	51659
	51660
	51661
	51662
	51663
	51664
	51665
	51666
	51667
	51668
	51669
	51670
	51671
	51672
	51673
	51674
	51675
	51676
	51677
	51678
	51679
	51680
	51681
	51682
	51683
	51684
	51685
	51686
	51687
	51688
	51689
	51690
	51691
	51692
	51693
	51694
	51695
	51696
	51697
	51698
	51699
	51700
	51701
	51702
	51703
	51704
	51705
	51706
	51707
	51708
	51709
	51710
	51711
	51712
	51713
	51714
	51715
	51716
	51717
	51718
	51719
	51720
	51721
	51722
	51723
	51724
	51725
	51726
	51727
	51728
	51729
	51730
	51731
	51732
	51733
	51734
	51735
	51736
	51737
	51738
	51739
	51740
	51741
	51742
	51743
	51744
	51745
	51746
	51747
	51748
	51749
	51750
	51751
	51752
	51753
	51754
	51755
	51756
	51757
	51758
	51759
	51760
	51761
	51762
	51763
	51764
	51765
	51766
	51767
	51768
	51769
	51770
	51771
	51772
	51773
	51774
	51775
	51776
	51777
	51778
	51779
	51780
	51781
	51782
	51783
	51784
	51785
	51786
	51787
	51788
	51789
	51790
	51791
	51792
	51793
	51794
	51795
	51796
	51797
	51798
	51799
	51800
	51801
	51802
	51803
	51804
	51805
	51806
	51807
	51808
	51809
	51810
	51811
	51812
	51813
	51814
	51815
	51816
	51817
	51818
	51819
	51820
	51821
	51822
	51823
	51824
	51825
	51826
	51827
	51828
	51829
	51830
	51831
	51832
	51833
	51834
	51835
	51836
	51837
	51838
	51839
	51840
	51841
	51842
	51843
	51844
	51845
	51846
	51847
	51848
	51849
	51850
	51851
	51852
	51853
	51854
	51855
	51856
	51857
	51858
	51859
	51860
	51861
	51862
	51863
	51864
	51865
	51866
	51867
	51868
	51869
	51870
	51871
	51872
	51873
	51874
	51875
	51876
	51877
	51878
	51879
	51880
	51881
	51882
	51883
	51884
	51885
	51886
	51887
	51888
	51889
	51890
	51891
	51892
	51893
	51894
	51895
	51896
	51897
	51898
	51899
	51900
	51901
	51902
	51903
	51904
	51905
	51906
	51907
	51908
	51909
	51910
	51911
	51912
	51913
	51914
	51915
	51916
	51917
	51918
	51919
	51920
	51921
	51922
	51923
	51924
	51925
	51926
	51927
	51928
	51929
	51930
	51931
	51932
	51933
	51934
	51935
	51936
	51937
	51938
	51939
	51940
	51941
	51942
	51943
	51944
	51945
	51946
	51947
	51948
	51949
	51950
	51951
	51952
	51953
	51954
	51955
	51956
	51957
	51958
	51959
	51960
	51961
	51962
	51963
	51964
	51965
	51966
	51967
	51968
	51969
	51970
	51971
	51972
	51973
	51974
	51975
	51976
	51977
	51978
	51979
	51980
	51981
	51982
	51983
	51984
	51985
	51986
	51987
	51988
	51989
	51990
	51991
	51992
	51993
	51994
	51995
	51996
	51997
	51998
	51999
	52000
	52001
	52002
	52003
	52004
	52005
	52006
	52007
	52008
	52009
	52010
	52011
	52012
	52013
	52014
	52015
	52016
	52017
	52018
	52019
	52020
	52021
	52022
	52023
	52024
	52025
	52026
	52027
	52028
	52029
	52030
	52031
	52032
	52033
	52034
	52035
	52036
	52037
	52038
	52039
	52040
	52041
	52042
	52043
	52044
	52045
	52046
	52047
	52048
	52049
	52050
	52051
	52052
	52053
	52054
	52055
	52056
	52057
	52058
	52059
	52060
	52061
	52062
	52063
	52064
	52065
	52066
	52067
	52068
	52069
	52070
	52071
	52072
	52073
	52074
	52075
	52076
	52077
	52078
	52079
	52080
	52081
	52082
	52083
	52084
	52085
	52086
	52087
	52088
	52089
	52090
	52091
	52092
	52093
	52094
	52095
	52096
	52097
	52098
	52099
	52100
	52101
	52102
	52103
	52104
	52105
	52106
	52107
	52108
	52109
	52110
	52111
	52112
	52113
	52114
	52115
	52116
	52117
	52118
	52119
	52120
	52121
	52122
	52123
	52124
	52125
	52126
	52127
	52128
	52129
	52130
	52131
	52132
	52133
	52134
	52135
	52136
	52137
	52138
	52139
	52140
	52141
	52142
	52143
	52144
	52145
	52146
	52147
	52148
	52149
	52150
	52151
	52152
	52153
	52154
	52155
	52156
	52157
	52158
	52159
	52160
	52161
	52162
	52163
	52164
	52165
	52166
	52167
	52168
	52169
	52170
	52171
	52172
	52173
	52174
	52175
	52176
	52177
	52178
	52179
	52180
	52181
	52182
	52183
	52184
	52185
	52186
	52187
	52188
	52189
	52190
	52191
	52192
	52193
	52194
	52195
	52196
	52197
	52198
	52199
	52200
	52201
	52202
	52203
	52204
	52205
	52206
	52207
	52208
	52209
	52210
	52211
	52212
	52213
	52214
	52215
	52216
	52217
	52218
	52219
	52220
	52221
	52222
	52223
	52224
	52225
	52226
	52227
	52228
	52229
	52230
	52231
	52232
	52233
	52234
	52235
	52236
	52237
	52238
	52239
	52240
	52241
	52242
	52243
	52244
	52245
	52246
	52247
	52248
	52249
	52250
	52251
	52252
	52253
	52254
	52255
	52256
	52257
	52258
	52259
	52260
	52261
	52262
	52263
	52264
	52265
	52266
	52267
	52268
	52269
	52270
	52271
	52272
	52273
	52274
	52275
	52276
	52277
	52278
	52279
	52280
	52281
	52282
	52283
	52284
	52285
	52286
	52287
	52288
	52289
	52290
	52291
	52292
	52293
	52294
	52295
	52296
	52297
	52298
	52299
	52300
	52301
	52302
	52303
	52304
	52305
	52306
	52307
	52308
	52309
	52310
	52311
	52312
	52313
	52314
	52315
	52316
	52317
	52318
	52319
	52320
	52321
	52322
	52323
	52324
	52325
	52326
	52327
	52328
	52329
	52330
	52331
	52332
	52333
	52334
	52335
	52336
	52337
	52338
	52339
	52340
	52341
	52342
	52343
	52344
	52345
	52346
	52347
	52348
	52349
	52350
	52351
	52352
	52353
	52354
	52355
	52356
	52357
	52358
	52359
	52360
	52361
	52362
	52363
	52364
	52365
	52366
	52367
	52368
	52369
	52370
	52371
	52372
	52373
	52374
	52375
	52376
	52377
	52378
	52379
	52380
	52381
	52382
	52383
	52384
	52385
	52386
	52387
	52388
	52389
	52390
	52391
	52392
	52393
	52394
	52395
	52396
	52397
	52398
	52399
	52400
	52401
	52402
	52403
	52404
	52405
	52406
	52407
	52408
	52409
	52410
	52411
	52412
	52413
	52414
	52415
	52416
	52417
	52418
	52419
	52420
	52421
	52422
	52423
	52424
	52425
	52426
	52427
	52428
	52429
	52430
	52431
	52432
	52433
	52434
	52435
	52436
	52437
	52438
	52439
	52440
	52441
	52442
	52443
	52444
	52445
	52446
	52447
	52448
	52449
	52450
	52451
	52452
	52453
	52454
	52455
	52456
	52457
	52458
	52459
	52460
	52461
	52462
	52463
	52464
	52465
	52466
	52467
	52468
	52469
	52470
	52471
	52472
	52473
	52474
	52475
	52476
	52477
	52478
	52479
	52480
	52481
	52482
	52483
	52484
	52485
	52486
	52487
	52488
	52489
	52490
	52491
	52492
	52493
	52494
	52495
	52496
	52497
	52498
	52499
	52500
	52501
	52502
	52503
	52504
	52505
	52506
	52507
	52508
	52509
	52510
	52511
	52512
	52513
	52514
	52515
	52516
	52517
	52518
	52519
	52520
	52521
	52522
	52523
	52524
	52525
	52526
	52527
	52528
	52529
	52530
	52531
	52532
	52533
	52534
	52535
	52536
	52537
	52538
	52539
	52540
	52541
	52542
	52543
	52544
	52545
	52546
	52547
	52548
	52549
	52550
	52551
	52552
	52553
	52554
	52555
	52556
	52557
	52558
	52559
	52560
	52561
	52562
	52563
	52564
	52565
	52566
	52567
	52568
	52569
	52570
	52571
	52572
	52573
	52574
	52575
	52576
	52577
	52578
	52579
	52580
	52581
	52582
	52583
	52584
	52585
	52586
	52587
	52588
	52589
	52590
	52591
	52592
	52593
	52594
	52595
	52596
	52597
	52598
	52599
	52600
	52601
	52602
	52603
	52604
	52605
	52606
	52607
	52608
	52609
	52610
	52611
	52612
	52613
	52614
	52615
	52616
	52617
	52618
	52619
	52620
	52621
	52622
	52623
	52624
	52625
	52626
	52627
	52628
	52629
	52630
	52631
	52632
	52633
	52634
	52635
	52636
	52637
	52638
	52639
	52640
	52641
	52642
	52643
	52644
	52645
	52646
	52647
	52648
	52649
	52650
	52651
	52652
	52653
	52654
	52655
	52656
	52657
	52658
	52659
	52660
	52661
	52662
	52663
	52664
	52665
	52666
	52667
	52668
	52669
	52670
	52671
	52672
	52673
	52674
	52675
	52676
	52677
	52678
	52679
	52680
	52681
	52682
	52683
	52684
	52685
	52686
	52687
	52688
	52689
	52690
	52691
	52692
	52693
	52694
	52695
	52696
	52697
	52698
	52699
	52700
	52701
	52702
	52703
	52704
	52705
	52706
	52707
	52708
	52709
	52710
	52711
	52712
	52713
	52714
	52715
	52716
	52717
	52718
	52719
	52720
	52721
	52722
	52723
	52724
	52725
	52726
	52727
	52728
	52729
	52730
	52731
	52732
	52733
	52734
	52735
	52736
	52737
	52738
	52739
	52740
	52741
	52742
	52743
	52744
	52745
	52746
	52747
	52748
	52749
	52750
	52751
	52752
	52753
	52754
	52755
	52756
	52757
	52758
	52759
	52760
	52761
	52762
	52763
	52764
	52765
	52766
	52767
	52768
	52769
	52770
	52771
	52772
	52773
	52774
	52775
	52776
	52777
	52778
	52779
	52780
	52781
	52782
	52783
	52784
	52785
	52786
	52787
	52788
	52789
	52790
	52791
	52792
	52793
	52794
	52795
	52796
	52797
	52798
	52799
	52800
	52801
	52802
	52803
	52804
	52805
	52806
	52807
	52808
	52809
	52810
	52811
	52812
	52813
	52814
	52815
	52816
	52817
	52818
	52819
	52820
	52821
	52822
	52823
	52824
	52825
	52826
	52827
	52828
	52829
	52830
	52831
	52832
	52833
	52834
	52835
	52836
	52837
	52838
	52839
	52840
	52841
	52842
	52843
	52844
	52845
	52846
	52847
	52848
	52849
	52850
	52851
	52852
	52853
	52854
	52855
	52856
	52857
	52858
	52859
	52860
	52861
	52862
	52863
	52864
	52865
	52866
	52867
	52868
	52869
	52870
	52871
	52872
	52873
	52874
	52875
	52876
	52877
	52878
	52879
	52880
	52881
	52882
	52883
	52884
	52885
	52886
	52887
	52888
	52889
	52890
	52891
	52892
	52893
	52894
	52895
	52896
	52897
	52898
	52899
	52900
	52901
	52902
	52903
	52904
	52905
	52906
	52907
	52908
	52909
	52910
	52911
	52912
	52913
	52914
	52915
	52916
	52917
	52918
	52919
	52920
	52921
	52922
	52923
	52924
	52925
	52926
	52927
	52928
	52929
	52930
	52931
	52932
	52933
	52934
	52935
	52936
	52937
	52938
	52939
	52940
	52941
	52942
	52943
	52944
	52945
	52946
	52947
	52948
	52949
	52950
	52951
	52952
	52953
	52954
	52955
	52956
	52957
	52958
	52959
	52960
	52961
	52962
	52963
	52964
	52965
	52966
	52967
	52968
	52969
	52970
	52971
	52972
	52973
	52974
	52975
	52976
	52977
	52978
	52979
	52980
	52981
	52982
	52983
	52984
	52985
	52986
	52987
	52988
	52989
	52990
	52991
	52992
	52993
	52994
	52995
	52996
	52997
	52998
	52999
	53000
	53001
	53002
	53003
	53004
	53005
	53006
	53007
	53008
	53009
	53010
	53011
	53012
	53013
	53014
	53015
	53016
	53017
	53018
	53019
	53020
	53021
	53022
	53023
	53024
	53025
	53026
	53027
	53028
	53029
	53030
	53031
	53032
	53033
	53034
	53035
	53036
	53037
	53038
	53039
	53040
	53041
	53042
	53043
	53044
	53045
	53046
	53047
	53048
	53049
	53050
	53051
	53052
	53053
	53054
	53055
	53056
	53057
	53058
	53059
	53060
	53061
	53062
	53063
	53064
	53065
	53066
	53067
	53068
	53069
	53070
	53071
	53072
	53073
	53074
	53075
	53076
	53077
	53078
	53079
	53080
	53081
	53082
	53083
	53084
	53085
	53086
	53087
	53088
	53089
	53090
	53091
	53092
	53093
	53094
	53095
	53096
	53097
	53098
	53099
	53100
	53101
	53102
	53103
	53104
	53105
	53106
	53107
	53108
	53109
	53110
	53111
	53112
	53113
	53114
	53115
	53116
	53117
	53118
	53119
	53120
	53121
	53122
	53123
	53124
	53125
	53126
	53127
	53128
	53129
	53130
	53131
	53132
	53133
	53134
	53135
	53136
	53137
	53138
	53139
	53140
	53141
	53142
	53143
	53144
	53145
	53146
	53147
	53148
	53149
	53150
	53151
	53152
	53153
	53154
	53155
	53156
	53157
	53158
	53159
	53160
	53161
	53162
	53163
	53164
	53165
	53166
	53167
	53168
	53169
	53170
	53171
	53172
	53173
	53174
	53175
	53176
	53177
	53178
	53179
	53180
	53181
	53182
	53183
	53184
	53185
	53186
	53187
	53188
	53189
	53190
	53191
	53192
	53193
	53194
	53195
	53196
	53197
	53198
	53199
	53200
	53201
	53202
	53203
	53204
	53205
	53206
	53207
	53208
	53209
	53210
	53211
	53212
	53213
	53214
	53215
	53216
	53217
	53218
	53219
	53220
	53221
	53222
	53223
	53224
	53225
	53226
	53227
	53228
	53229
	53230
	53231
	53232
	53233
	53234
	53235
	53236
	53237
	53238
	53239
	53240
	53241
	53242
	53243
	53244
	53245
	53246
	53247
	53248
	53249
	53250
	53251
	53252
	53253
	53254
	53255
	53256
	53257
	53258
	53259
	53260
	53261
	53262
	53263
	53264
	53265
	53266
	53267
	53268
	53269
	53270
	53271
	53272
	53273
	53274
	53275
	53276
	53277
	53278
	53279
	53280
	53281
	53282
	53283
	53284
	53285
	53286
	53287
	53288
	53289
	53290
	53291
	53292
	53293
	53294
	53295
	53296
	53297
	53298
	53299
	53300
	53301
	53302
	53303
	53304
	53305
	53306
	53307
	53308
	53309
	53310
	53311
	53312
	53313
	53314
	53315
	53316
	53317
	53318
	53319
	53320
	53321
	53322
	53323
	53324
	53325
	53326
	53327
	53328
	53329
	53330
	53331
	53332
	53333
	53334
	53335
	53336
	53337
	53338
	53339
	53340
	53341
	53342
	53343
	53344
	53345
	53346
	53347
	53348
	53349
	53350
	53351
	53352
	53353
	53354
	53355
	53356
	53357
	53358
	53359
	53360
	53361
	53362
	53363
	53364
	53365
	53366
	53367
	53368
	53369
	53370
	53371
	53372
	53373
	53374
	53375
	53376
	53377
	53378
	53379
	53380
	53381
	53382
	53383
	53384
	53385
	53386
	53387
	53388
	53389
	53390
	53391
	53392
	53393
	53394
	53395
	53396
	53397
	53398
	53399
	53400
	53401
	53402
	53403
	53404
	53405
	53406
	53407
	53408
	53409
	53410
	53411
	53412
	53413
	53414
	53415
	53416
	53417
	53418
	53419
	53420
	53421
	53422
	53423
	53424
	53425
	53426
	53427
	53428
	53429
	53430
	53431
	53432
	53433
	53434
	53435
	53436
	53437
	53438
	53439
	53440
	53441
	53442
	53443
	53444
	53445
	53446
	53447
	53448
	53449
	53450
	53451
	53452
	53453
	53454
	53455
	53456
	53457
	53458
	53459
	53460
	53461
	53462
	53463
	53464
	53465
	53466
	53467
	53468
	53469
	53470
	53471
	53472
	53473
	53474
	53475
	53476
	53477
	53478
	53479
	53480
	53481
	53482
	53483
	53484
	53485
	53486
	53487
	53488
	53489
	53490
	53491
	53492
	53493
	53494
	53495
	53496
	53497
	53498
	53499
	53500
	53501
	53502
	53503
	53504
	53505
	53506
	53507
	53508
	53509
	53510
	53511
	53512
	53513
	53514
	53515
	53516
	53517
	53518
	53519
	53520
	53521
	53522
	53523
	53524
	53525
	53526
	53527
	53528
	53529
	53530
	53531
	53532
	53533
	53534
	53535
	53536
	53537
	53538
	53539
	53540
	53541
	53542
	53543
	53544
	53545
	53546
	53547
	53548
	53549
	53550
	53551
	53552
	53553
	53554
	53555
	53556
	53557
	53558
	53559
	53560
	53561
	53562
	53563
	53564
	53565
	53566
	53567
	53568
	53569
	53570
	53571
	53572
	53573
	53574
	53575
	53576
	53577
	53578
	53579
	53580
	53581
	53582
	53583
	53584
	53585
	53586
	53587
	53588
	53589
	53590
	53591
	53592
	53593
	53594
	53595
	53596
	53597
	53598
	53599
	53600
	53601
	53602
	53603
	53604
	53605
	53606
	53607
	53608
	53609
	53610
	53611
	53612
	53613
	53614
	53615
	53616
	53617
	53618
	53619
	53620
	53621
	53622
	53623
	53624
	53625
	53626
	53627
	53628
	53629
	53630
	53631
	53632
	53633
	53634
	53635
	53636
	53637
	53638
	53639
	53640
	53641
	53642
	53643
	53644
	53645
	53646
	53647
	53648
	53649
	53650
	53651
	53652
	53653
	53654
	53655
	53656
	53657
	53658
	53659
	53660
	53661
	53662
	53663
	53664
	53665
	53666
	53667
	53668
	53669
	53670
	53671
	53672
	53673
	53674
	53675
	53676
	53677
	53678
	53679
	53680
	53681
	53682
	53683
	53684
	53685
	53686
	53687
	53688
	53689
	53690
	53691
	53692
	53693
	53694
	53695
	53696
	53697
	53698
	53699
	53700
	53701
	53702
	53703
	53704
	53705
	53706
	53707
	53708
	53709
	53710
	53711
	53712
	53713
	53714
	53715
	53716
	53717
	53718
	53719
	53720
	53721
	53722
	53723
	53724
	53725
	53726
	53727
	53728
	53729
	53730
	53731
	53732
	53733
	53734
	53735
	53736
	53737
	53738
	53739
	53740
	53741
	53742
	53743
	53744
	53745
	53746
	53747
	53748
	53749
	53750
	53751
	53752
	53753
	53754
	53755
	53756
	53757
	53758
	53759
	53760
	53761
	53762
	53763
	53764
	53765
	53766
	53767
	53768
	53769
	53770
	53771
	53772
	53773
	53774
	53775
	53776
	53777
	53778
	53779
	53780
	53781
	53782
	53783
	53784
	53785
	53786
	53787
	53788
	53789
	53790
	53791
	53792
	53793
	53794
	53795
	53796
	53797
	53798
	53799
	53800
	53801
	53802
	53803
	53804
	53805
	53806
	53807
	53808
	53809
	53810
	53811
	53812
	53813
	53814
	53815
	53816
	53817
	53818
	53819
	53820
	53821
	53822
	53823
	53824
	53825
	53826
	53827
	53828
	53829
	53830
	53831
	53832
	53833
	53834
	53835
	53836
	53837
	53838
	53839
	53840
	53841
	53842
	53843
	53844
	53845
	53846
	53847
	53848
	53849
	53850
	53851
	53852
	53853
	53854
	53855
	53856
	53857
	53858
	53859
	53860
	53861
	53862
	53863
	53864
	53865
	53866
	53867
	53868
	53869
	53870
	53871
	53872
	53873
	53874
	53875
	53876
	53877
	53878
	53879
	53880
	53881
	53882
	53883
	53884
	53885
	53886
	53887
	53888
	53889
	53890
	53891
	53892
	53893
	53894
	53895
	53896
	53897
	53898
	53899
	53900
	53901
	53902
	53903
	53904
	53905
	53906
	53907
	53908
	53909
	53910
	53911
	53912
	53913
	53914
	53915
	53916
	53917
	53918
	53919
	53920
	53921
	53922
	53923
	53924
	53925
	53926
	53927
	53928
	53929
	53930
	53931
	53932
	53933
	53934
	53935
	53936
	53937
	53938
	53939
	53940
	53941
	53942
	53943
	53944
	53945
	53946
	53947
	53948
	53949
	53950
	53951
	53952
	53953
	53954
	53955
	53956
	53957
	53958
	53959
	53960
	53961
	53962
	53963
	53964
	53965
	53966
	53967
	53968
	53969
	53970
	53971
	53972
	53973
	53974
	53975
	53976
	53977
	53978
	53979
	53980
	53981
	53982
	53983
	53984
	53985
	53986
	53987
	53988
	53989
	53990
	53991
	53992
	53993
	53994
	53995
	53996
	53997
	53998
	53999
	54000
	54001
	54002
	54003
	54004
	54005
	54006
	54007
	54008
	54009
	54010
	54011
	54012
	54013
	54014
	54015
	54016
	54017
	54018
	54019
	54020
	54021
	54022
	54023
	54024
	54025
	54026
	54027
	54028
	54029
	54030
	54031
	54032
	54033
	54034
	54035
	54036
	54037
	54038
	54039
	54040
	54041
	54042
	54043
	54044
	54045
	54046
	54047
	54048
	54049
	54050
	54051
	54052
	54053
	54054
	54055
	54056
	54057
	54058
	54059
	54060
	54061
	54062
	54063
	54064
	54065
	54066
	54067
	54068
	54069
	54070
	54071
	54072
	54073
	54074
	54075
	54076
	54077
	54078
	54079
	54080
	54081
	54082
	54083
	54084
	54085
	54086
	54087
	54088
	54089
	54090
	54091
	54092
	54093
	54094
	54095
	54096
	54097
	54098
	54099
	54100
	54101
	54102
	54103
	54104
	54105
	54106
	54107
	54108
	54109
	54110
	54111
	54112
	54113
	54114
	54115
	54116
	54117
	54118
	54119
	54120
	54121
	54122
	54123
	54124
	54125
	54126
	54127
	54128
	54129
	54130
	54131
	54132
	54133
	54134
	54135
	54136
	54137
	54138
	54139
	54140
	54141
	54142
	54143
	54144
	54145
	54146
	54147
	54148
	54149
	54150
	54151
	54152
	54153
	54154
	54155
	54156
	54157
	54158
	54159
	54160
	54161
	54162
	54163
	54164
	54165
	54166
	54167
	54168
	54169
	54170
	54171
	54172
	54173
	54174
	54175
	54176
	54177
	54178
	54179
	54180
	54181
	54182
	54183
	54184
	54185
	54186
	54187
	54188
	54189
	54190
	54191
	54192
	54193
	54194
	54195
	54196
	54197
	54198
	54199
	54200
	54201
	54202
	54203
	54204
	54205
	54206
	54207
	54208
	54209
	54210
	54211
	54212
	54213
	54214
	54215
	54216
	54217
	54218
	54219
	54220
	54221
	54222
	54223
	54224
	54225
	54226
	54227
	54228
	54229
	54230
	54231
	54232
	54233
	54234
	54235
	54236
	54237
	54238
	54239
	54240
	54241
	54242
	54243
	54244
	54245
	54246
	54247
	54248
	54249
	54250
	54251
	54252
	54253
	54254
	54255
	54256
	54257
	54258
	54259
	54260
	54261
	54262
	54263
	54264
	54265
	54266
	54267
	54268
	54269
	54270
	54271
	54272
	54273
	54274
	54275
	54276
	54277
	54278
	54279
	54280
	54281
	54282
	54283
	54284
	54285
	54286
	54287
	54288
	54289
	54290
	54291
	54292
	54293
	54294
	54295
	54296
	54297
	54298
	54299
	54300
	54301
	54302
	54303
	54304
	54305
	54306
	54307
	54308
	54309
	54310
	54311
	54312
	54313
	54314
	54315
	54316
	54317
	54318
	54319
	54320
	54321
	54322
	54323
	54324
	54325
	54326
	54327
	54328
	54329
	54330
	54331
	54332
	54333
	54334
	54335
	54336
	54337
	54338
	54339
	54340
	54341
	54342
	54343
	54344
	54345
	54346
	54347
	54348
	54349
	54350
	54351
	54352
	54353
	54354
	54355
	54356
	54357
	54358
	54359
	54360
	54361
	54362
	54363
	54364
	54365
	54366
	54367
	54368
	54369
	54370
	54371
	54372
	54373
	54374
	54375
	54376
	54377
	54378
	54379
	54380
	54381
	54382
	54383
	54384
	54385
	54386
	54387
	54388
	54389
	54390
	54391
	54392
	54393
	54394
	54395
	54396
	54397
	54398
	54399
	54400
	54401
	54402
	54403
	54404
	54405
	54406
	54407
	54408
	54409
	54410
	54411
	54412
	54413
	54414
	54415
	54416
	54417
	54418
	54419
	54420
	54421
	54422
	54423
	54424
	54425
	54426
	54427
	54428
	54429
	54430
	54431
	54432
	54433
	54434
	54435
	54436
	54437
	54438
	54439
	54440
	54441
	54442
	54443
	54444
	54445
	54446
	54447
	54448
	54449
	54450
	54451
	54452
	54453
	54454
	54455
	54456
	54457
	54458
	54459
	54460
	54461
	54462
	54463
	54464
	54465
	54466
	54467
	54468
	54469
	54470
	54471
	54472
	54473
	54474
	54475
	54476
	54477
	54478
	54479
	54480
	54481
	54482
	54483
	54484
	54485
	54486
	54487
	54488
	54489
	54490
	54491
	54492
	54493
	54494
	54495
	54496
	54497
	54498
	54499
	54500
	54501
	54502
	54503
	54504
	54505
	54506
	54507
	54508
	54509
	54510
	54511
	54512
	54513
	54514
	54515
	54516
	54517
	54518
	54519
	54520
	54521
	54522
	54523
	54524
	54525
	54526
	54527
	54528
	54529
	54530
	54531
	54532
	54533
	54534
	54535
	54536
	54537
	54538
	54539
	54540
	54541
	54542
	54543
	54544
	54545
	54546
	54547
	54548
	54549
	54550
	54551
	54552
	54553
	54554
	54555
	54556
	54557
	54558
	54559
	54560
	54561
	54562
	54563
	54564
	54565
	54566
	54567
	54568
	54569
	54570
	54571
	54572
	54573
	54574
	54575
	54576
	54577
	54578
	54579
	54580
	54581
	54582
	54583
	54584
	54585
	54586
	54587
	54588
	54589
	54590
	54591
	54592
	54593
	54594
	54595
	54596
	54597
	54598
	54599
	54600
	54601
	54602
	54603
	54604
	54605
	54606
	54607
	54608
	54609
	54610
	54611
	54612
	54613
	54614
	54615
	54616
	54617
	54618
	54619
	54620
	54621
	54622
	54623
	54624
	54625
	54626
	54627
	54628
	54629
	54630
	54631
	54632
	54633
	54634
	54635
	54636
	54637
	54638
	54639
	54640
	54641
	54642
	54643
	54644
	54645
	54646
	54647
	54648
	54649
	54650
	54651
	54652
	54653
	54654
	54655
	54656
	54657
	54658
	54659
	54660
	54661
	54662
	54663
	54664
	54665
	54666
	54667
	54668
	54669
	54670
	54671
	54672
	54673
	54674
	54675
	54676
	54677
	54678
	54679
	54680
	54681
	54682
	54683
	54684
	54685
	54686
	54687
	54688
	54689
	54690
	54691
	54692
	54693
	54694
	54695
	54696
	54697
	54698
	54699
	54700
	54701
	54702
	54703
	54704
	54705
	54706
	54707
	54708
	54709
	54710
	54711
	54712
	54713
	54714
	54715
	54716
	54717
	54718
	54719
	54720
	54721
	54722
	54723
	54724
	54725
	54726
	54727
	54728
	54729
	54730
	54731
	54732
	54733
	54734
	54735
	54736
	54737
	54738
	54739
	54740
	54741
	54742
	54743
	54744
	54745
	54746
	54747
	54748
	54749
	54750
	54751
	54752
	54753
	54754
	54755
	54756
	54757
	54758
	54759
	54760
	54761
	54762
	54763
	54764
	54765
	54766
	54767
	54768
	54769
	54770
	54771
	54772
	54773
	54774
	54775
	54776
	54777
	54778
	54779
	54780
	54781
	54782
	54783
	54784
	54785
	54786
	54787
	54788
	54789
	54790
	54791
	54792
	54793
	54794
	54795
	54796
	54797
	54798
	54799
	54800
	54801
	54802
	54803
	54804
	54805
	54806
	54807
	54808
	54809
	54810
	54811
	54812
	54813
	54814
	54815
	54816
	54817
	54818
	54819
	54820
	54821
	54822
	54823
	54824
	54825
	54826
	54827
	54828
	54829
	54830
	54831
	54832
	54833
	54834
	54835
	54836
	54837
	54838
	54839
	54840
	54841
	54842
	54843
	54844
	54845
	54846
	54847
	54848
	54849
	54850
	54851
	54852
	54853
	54854
	54855
	54856
	54857
	54858
	54859
	54860
	54861
	54862
	54863
	54864
	54865
	54866
	54867
	54868
	54869
	54870
	54871
	54872
	54873
	54874
	54875
	54876
	54877
	54878
	54879
	54880
	54881
	54882
	54883
	54884
	54885
	54886
	54887
	54888
	54889
	54890
	54891
	54892
	54893
	54894
	54895
	54896
	54897
	54898
	54899
	54900
	54901
	54902
	54903
	54904
	54905
	54906
	54907
	54908
	54909
	54910
	54911
	54912
	54913
	54914
	54915
	54916
	54917
	54918
	54919
	54920
	54921
	54922
	54923
	54924
	54925
	54926
	54927
	54928
	54929
	54930
