	1	1	2e+10
	2	2	2e+11
	3	3	2e+10
	4	4	2e+11
	5	5	2e+10
	6	6	2e+11
	7	7	2e+10
	8	8	2e+11
	9	9	2e+10
	10	10	2e+11
	11	11	2e+10
	12	12	2e+11
	13	13	2e+10
	14	14	2e+11
	15	15	2e+10
	16	16	2e+11
	17	17	2e+10
	18	18	2e+11
	19	19	2e+10
	20	20	2e+11
	21	21	2e+10
	22	22	2e+11
	23	23	2e+10
	24	24	2e+11
	25	25	2e+10
	26	26	2e+11
	27	27	2e+10
	28	28	2e+11
	29	29	2e+10
	30	30	2e+11
	31	31	2e+10
	32	32	2e+11
	33	33	2e+10
	34	34	2e+11
	35	35	2e+10
	36	36	2e+11
	37	37	2e+10
	38	38	2e+11
	39	39	2e+10
	40	40	2e+11
	41	41	2e+10
	42	42	2e+11
	43	43	2e+10
	44	44	2e+11
	45	45	2e+10
	46	46	2e+11
	47	47	2e+10
	48	48	2e+11
	49	49	2e+10
	50	50	2e+11
	51	51	2e+10
	52	52	2e+11
	53	53	2e+10
	54	54	2e+11
	55	55	2e+10
	56	56	2e+11
	57	57	2e+10
	58	58	2e+11
	59	59	0
	60	60	0
	61	61	0
	62	62	0
	63	63	0
	64	64	0
	65	65	0
	66	66	0
	67	67	0
	68	68	0
	69	69	0
	70	70	0
	71	71	0
	72	72	0
	73	73	0
	74	74	0
	75	75	0
	76	76	0
	77	77	0
	78	78	0
	79	79	0
	80	80	0
	81	81	0
	82	82	0
	83	83	0
	84	84	0
	85	85	0
	86	86	0
	87	87	0
	88	88	0
	89	89	0
	90	90	0
	91	91	0
	92	92	0
	93	93	0
	94	94	0
	95	95	0
	96	96	0
	97	97	0
	98	98	0
	99	99	0
	100	100	0
	101	101	0
	102	102	0
	103	103	0
	104	104	0
	105	105	0
	106	106	0
	107	107	0
	108	108	0
	109	109	0
	110	110	0
	111	111	0
	112	112	0
	113	113	0
	114	114	0
	115	115	0
	116	116	0
	117	117	0
	118	118	0
	119	119	0
	120	120	0
	121	121	0
	122	122	0
	123	123	0
	124	124	0
	125	125	0
	126	126	0
	127	127	0
	128	128	0
	129	129	0
	130	130	0
	131	131	0
	132	132	0
	133	133	0
	134	134	0
	135	135	0
	136	136	0
	137	137	0
	138	138	0
	139	139	0
	140	140	0
	141	141	0
	142	142	0
	143	143	0
	144	144	0
	145	145	0
	146	146	0
	147	147	0
	148	148	0
	149	149	0
	150	150	0
	151	151	0
	152	152	0
	153	153	0
	154	154	0
	155	155	0
	156	156	0
	157	157	0
	158	158	0
	159	159	0
	160	160	0
	161	161	0
	162	162	0
	163	163	0
	164	164	0
	165	165	0
	166	166	0
	167	167	0
	168	168	0
	169	169	0
	170	170	0
	171	171	0
	172	172	0
	173	173	0
	174	174	0
	175	175	0
	176	176	0
	177	177	0
	178	178	0
	179	179	0
	180	180	0
	181	181	0
	182	182	0
	183	183	0
	184	184	0
	185	185	0
	186	186	0
	187	187	0
	188	188	0
	189	189	0
	190	190	0
	191	191	0
	192	192	0
	193	193	0
	194	194	0
	195	195	0
	196	196	0
	197	197	0
	198	198	0
	199	199	0
	200	200	0
	201	201	0
	202	202	0
	203	203	0
	204	204	0
	205	205	0
	206	206	0
	207	207	0
	208	208	0
	209	209	0
	210	210	0
	211	211	0
	212	212	0
	213	213	0
	214	214	0
	215	215	0
	216	216	0
	217	217	0
	218	218	0
	219	219	0
	220	220	0
	221	221	0
	222	222	0
	223	223	0
	224	224	0
	225	225	0
	226	226	0
	227	227	0
	228	228	0
	229	229	0
	230	230	0
	231	231	0
	232	232	0
	233	233	0
	234	234	0
	235	235	0
	236	236	0
	237	237	0
	238	238	0
	239	239	0
	240	240	0
	241	241	0
	242	242	0
	243	243	0
	244	244	0
	245	245	0
	246	246	0
	247	247	0
	248	248	0
	249	249	0
	250	250	0
	251	251	0
	252	252	0
	253	253	0
	254	254	0
	255	255	0
	256	256	0
	257	257	0
	258	258	0
	259	259	0
	260	260	0
	261	261	0
	262	262	0
	263	263	0
	264	264	0
	265	265	0
	266	266	0
	267	267	0
	268	268	0
	269	269	0
	270	270	0
	271	271	0
	272	272	0
	273	273	0
	274	274	0
	275	275	0
	276	276	0
	277	277	0
	278	278	0
	279	279	0
	280	280	0
	281	281	0
	282	282	0
	283	283	0
	284	284	0
	285	285	0
	286	286	0
	287	287	0
	288	288	0
	289	289	0
	290	290	0
	291	291	0
	292	292	0
	293	293	0
	294	294	0
	295	295	0
	296	296	0
	297	297	0
	298	298	0
	299	299	0
	300	300	0
	301	301	0
	302	302	0
	303	303	0
	304	304	0
	305	305	0
	306	306	0
	307	307	0
	308	308	0
	309	309	0
	310	310	0
	311	311	0
	312	312	0
	313	313	0
	314	314	0
	315	315	0
	316	316	0
	317	317	0
	318	318	0
	319	319	0
	320	320	0
	321	321	0
	322	322	0
	323	323	0
	324	324	0
	325	325	0
	326	326	0
	327	327	0
	328	328	0
	329	329	0
	330	330	0
	331	331	0
	332	332	0
	333	333	0
	334	334	0
	335	335	0
	336	336	0
	337	337	0
	338	338	0
	339	339	0
	340	340	0
	341	341	0
	342	342	0
	343	343	0
	344	344	0
	345	345	0
	346	346	0
	347	347	0
	348	348	0
	349	349	0
	350	350	0
	351	351	0
	352	352	0
	353	353	0
	354	354	0
	355	355	0
	356	356	0
	357	357	0
	358	358	0
	359	359	0
	360	360	0
	1	361	172955.146553346
	3	361	156926.20036788957
	5	361	85069.85742458928
	7	361	14983.61184718802
	9	361	-36190.45304757416
	11	361	-72787.69922939384
	13	361	-94326.82459634737
	15	361	-105095.74936180949
	17	361	-100449.94065551634
	19	361	-104530.68990581215
	21	361	-97029.4359722385
	23	361	-84941.40567107798
	25	361	-67490.74733087889
	27	361	-26258.590720143024
	29	361	-43569.436415350225
	31	361	-16841.07786979283
	33	361	-7525.320374975145
	35	361	-12967.014117935025
	37	361	6301.64295104795
	39	361	31657.309500375995
	41	361	43493.88452665997
	43	361	43622.220510291925
	45	361	54835.16784685363
	47	361	83556.88093935678
	49	361	85806.43240373496
	51	361	67433.13862848704
	53	361	62170.45115935666
	55	361	56607.47320414767
	57	361	39579.140455209985
	59	361	385983.7542532521
	61	361	589257.0065200196
	63	361	138537.1973793765
	65	361	486081.58686433645
	67	361	738177.8524606013
	69	361	358515.36897561257
	71	361	543373.928847063
	73	361	127147.14860758703
	75	361	445246.0822338188
	77	361	672297.6624115921
	79	361	195796.89203760453
	81	361	296082.721886764
	83	361	69178.84935185396
	85	361	242101.7106722714
	87	361	364893.9731039974
	89	361	34591.40426544909
	91	361	52260.41897054117
	93	361	12203.023726905958
	95	361	42695.43658465697
	97	361	64301.92954485493
	99	361	-85282.23403839818
	101	361	-128047.30657336573
	103	361	-29776.742595298
	105	361	-104002.79930197436
	107	361	-155838.97922049294
	109	361	-173177.4262653951
	111	361	-259272.75096118616
	113	361	-60176.91246829327
	115	361	-210014.02393821644
	117	361	-313934.08301407134
	119	361	-227532.04963117576
	121	361	-339263.1981320658
	123	361	-78526.79412351525
	125	361	-273737.95701392216
	127	361	-407780.3699454678
	129	361	-256467.80362652842
	131	361	-381105.9880031581
	133	361	-88008.36445139367
	135	361	-306491.06286860636
	137	361	-455237.40319982107
	139	361	-250284.11862288194
	141	361	-369675.7980204249
	143	361	-85017.3433767974
	145	361	-295557.34272277786
	147	361	-436684.8305861318
	149	361	-264251.35879337
	151	361	-388687.3258664663
	153	361	-89134.259125652
	155	361	-309492.0985055935
	157	361	-455583.56061252917
	159	361	-250615.28214387764
	161	361	-366393.60603890824
	163	361	-83667.5551387791
	165	361	-289985.36977630097
	167	361	-424514.5814122696
	169	361	-225080.22643213757
	171	361	-326725.18317785964
	173	361	-74236.66142770235
	175	361	-256744.12115533598
	177	361	-373362.1226215543
	179	361	-92722.7818869971
	181	361	-129540.93131637861
	183	361	-28619.523100347997
	185	361	-97758.01418269487
	187	361	-136650.11937051226
	189	361	-30202.085888884543
	191	361	-208116.74074326135
	193	361	-299132.6586143467
	195	361	-153786.56468825895
	197	361	-217376.7617585052
	199	361	-48450.64119140283
	201	361	-82571.13820138476
	203	361	-114631.9724778952
	205	361	-25209.518225281667
	207	361	-85936.7542381082
	209	361	-119360.91737889148
	211	361	-134373.62077766616
	213	361	-187477.21717911286
	215	361	-41380.96589522596
	217	361	-141293.88814690762
	219	361	-197280.22144169576
	221	361	-72452.29283417377
	223	361	-94026.18167536947
	225	361	-19575.06516486052
	227	361	-65022.58066596512
	229	361	-82510.09454150677
	231	361	-50924.26375241183
	233	361	-61511.70104001842
	235	361	-11984.325705515264
	237	361	-38466.63617397916
	239	361	-42525.1080624625
	241	361	-63688.55350044163
	243	361	-80703.25016009368
	245	361	-16451.343921509895
	247	361	-54074.85281499682
	249	361	-65939.49284208335
	251	361	-17942.087346569315
	253	361	-12170.270907289494
	255	361	-538.1290583832888
	257	361	1471.310545318047
	259	361	17136.608436272858
	261	361	42705.57053887038
	263	361	78485.17762780923
	265	361	20480.60294321658
	267	361	74792.83981027227
	269	361	126593.77300822953
	271	361	72050.97230250573
	273	361	121891.659400339
	275	361	30473.01972258564
	277	361	109545.43550486624
	279	361	178005.96178267838
	281	361	74094.83348130737
	283	361	124176.1037067835
	285	361	30882.536456061924
	287	361	110797.82555155744
	289	361	179089.58066520156
	291	361	103205.12450695659
	293	361	166673.59625895106
	295	361	40577.28921564865
	297	361	144384.6101487134
	299	361	228192.7856764007
	301	361	174638.46770860313
	303	361	272238.0086181377
	305	361	64863.566391549015
	307	361	228827.2638855955
	309	361	353014.54058105184
	311	361	184931.10258705
	313	361	285443.7783900101
	315	361	67585.60895813849
	317	361	237824.6139020463
	319	361	364223.3113770586
	321	361	145722.9148940285
	323	361	224733.2492238293
	325	361	53181.94091026211
	327	361	187098.40722710144
	329	361	286352.9993477535
	331	361	136531.7704525799
	333	361	209487.30443635868
	335	361	49412.189143503274
	337	361	173603.5492729935
	339	361	264670.31977727567
	341	361	127273.02724536836
	343	361	193851.60288082206
	345	361	45507.06605924184
	347	361	159570.47059743802
	349	361	241889.72153411823
	351	361	90643.0774495504
	353	361	137278.4192705516
	355	361	32106.834670150827
	357	361	112409.42643218311
	359	361	169630.67009711041
	361	361	0
	2	362	-181027.99314686406
	4	362	-154874.90056054603
	6	362	-82325.8093610844
	8	362	-14381.613342413591
	10	362	32780.265415616486
	12	362	64060.93452879553
	14	362	79507.66573711947
	16	362	85243.16735095253
	18	362	75655.63756763302
	20	362	74438.80151870646
	22	362	63081.94016661647
	24	362	48801.663005537506
	26	362	29608.897731561276
	28	362	6827.684271929546
	30	362	3665.7870901424258
	32	362	-21745.009980786603
	34	362	-30662.183426946835
	36	362	-25666.66037142934
	38	362	-42735.53153630211
	40	362	-64688.60767616935
	42	362	-73769.48417046106
	44	362	-71919.33763912665
	46	362	-79041.43120996926
	48	362	-100821.10578851073
	50	362	-97222.29298734615
	52	362	-75964.01336891514
	54	362	-67572.2380540623
	56	362	-58185.761370568034
	58	362	-38813.210777666885
	60	362	-446946.65807374194
	62	362	-661901.1092476225
	64	362	-152498.83052565836
	66	362	-530560.5051258112
	68	362	-785728.1859523564
	70	362	-382376.3276698887
	72	362	-566276.334911229
	74	362	-130467.34266165683
	76	362	-453910.49220769
	78	362	-672214.1286084661
	80	362	-203257.21302705506
	82	362	-301011.70315323124
	84	362	-69351.64794880072
	86	362	-241282.1478054059
	88	362	-357324.3437206165
	90	362	-35507.29314849651
	92	362	-52584.164792734715
	94	362	-12115.138535210388
	96	362	-42149.92337176365
	98	362	-62421.50048759161
	100	362	80932.40069668942
	102	362	119856.0159856585
	104	362	27614.249339993392
	106	362	96073.06513736266
	108	362	142278.42905648335
	110	362	158162.39302782388
	112	362	234228.9879449261
	114	362	53965.23172066416
	116	362	187751.0830884387
	118	362	278048.05766710814
	120	362	196299.3947792242
	122	362	290707.59295665455
	124	362	66977.63054230447
	126	362	233022.6754535284
	128	362	345092.562112085
	130	362	210459.98527171958
	132	362	311678.57547843154
	134	362	71809.2440037047
	136	362	249832.39963187775
	138	362	369986.75223267876
	140	362	186788.98101747799
	142	362	276623.24238714844
	144	362	63732.663944538705
	146	362	221733.07335440585
	148	362	328373.34066308284
	150	362	183784.68982421592
	152	362	272174.0678886947
	154	362	62707.595549386446
	156	362	218166.7456413258
	158	362	323091.8238947514
	160	362	155745.31790521916
	162	362	230649.4451166874
	164	362	53140.522277774464
	166	362	184881.82660253978
	168	362	273798.8614462605
	170	362	120488.21737267886
	172	362	178435.80053580974
	174	362	41110.74981659826
	176	362	143028.90136013797
	178	362	211817.197319913
	180	362	36069.11244897177
	182	362	51216.566343617786
	184	362	11447.273020693998
	186	362	39298.41805646111
	188	362	55802.03944401017
	190	362	12472.15942477406
	192	362	86778.35656012427
	194	362	128513.52488775698
	196	362	33712.01789009224
	198	362	49925.47015047502
	200	362	11502.58808308519
	202	362	19745.458936288833
	204	362	28037.690393076733
	206	362	6266.62659590082
	208	362	21513.290660962237
	210	362	30547.934329334712
	212	362	9050.596322323476
	214	362	13403.38860804886
	216	362	3088.076238706384
	218	362	10743.762974700032
	220	362	15910.86654781895
	222	362	-53687.05343279589
	224	362	-79507.29595416729
	226	362	-18318.098401434494
	228	362	-63730.71522772107
	230	362	-94381.3547771611
	232	362	-75702.9903162602
	234	362	-112111.57384956461
	236	362	-25829.967137875745
	238	362	-89865.34758853346
	240	362	-133085.17286568193
	242	362	-63369.360051781965
	244	362	-93846.20950319723
	246	362	-21621.71508476729
	248	362	-75224.36754102896
	250	362	-111402.76231655442
	252	362	-105511.32269338207
	254	362	-156255.9206273786
	256	362	-36000.61221441369
	258	362	-125250.16051240262
	260	362	-185487.95181410143
	262	362	-159712.07830385884
	264	362	-236523.97859920893
	266	362	-54493.98652401466
	268	362	-189590.68024856684
	270	362	-280772.39037867746
	272	362	-182132.18765255576
	274	362	-269726.81159787043
	276	362	-62143.759476026244
	278	362	-216205.09681507392
	280	362	-320186.740008774
	282	362	-177564.29295982452
	284	362	-262962.0343936482
	286	362	-60585.18736004652
	288	362	-210782.64992627845
	290	362	-312156.4224178716
	292	362	-195148.29123906995
	294	362	-289002.87787190505
	296	362	-66584.87238980396
	298	362	-231656.2258678789
	300	362	-343068.93249063997
	302	362	-248920.92936890677
	304	362	-368636.9196134028
	306	362	-84932.1724108048
	308	362	-295488.5367995699
	310	362	-437600.74439313135
	312	362	-240035.6883265017
	314	362	-355478.41222634976
	316	362	-81900.51562711206
	318	362	-284941.0634256569
	320	362	-421980.5709343584
	322	362	-187550.34135470673
	324	362	-277750.77123774245
	326	362	-63992.44116605125
	328	362	-222636.8673925829
	330	362	-329711.80525495927
	332	362	-166831.57920570107
	334	362	-247067.53107721367
	336	362	-56923.17027975984
	338	362	-198042.08250557393
	340	362	-293288.40862743155
	342	362	-143656.96233069178
	344	362	-212747.31782847107
	346	362	-49015.95829493559
	348	362	-170532.006721128
	350	362	-252547.64158461688
	352	362	-95827.36097766126
	354	362	-141914.5559798975
	356	362	-32696.430809830686
	358	362	-113754.54347069969
	360	362	-168463.63463044108
	362	362	0
	363	363	2e+10
	364	364	2e+11
	365	365	2e+08
	366	366	2e+08
	367	367	2e+08
	368	368	2e+08
	369	369	2e+08
	370	370	2e+08
	371	371	2e+08
	372	372	2e+08
	373	373	2e+08
	374	374	2e+08
	375	375	2e+08
	376	376	2e+08
	377	377	2e+08
	378	378	2e+08
	379	379	2e+08
	380	380	2e+08
	381	381	2e+08
	382	382	2e+08
	383	383	2e+08
	384	384	2e+08
	385	385	2e+08
	386	386	2e+08
	387	387	2e+08
	388	388	2e+08
	389	389	2e+08
	390	390	2e+08
	391	391	2e+08
	392	392	2e+08
	393	393	2e+08
	394	394	2e+08
	395	395	0
	396	396	0
	397	397	0
	398	398	0
	399	399	0
	400	400	0
	401	401	0
	402	402	0
	403	403	0
	404	404	0
	405	405	0
	406	406	0
	407	407	0
	408	408	0
	409	409	0
	410	410	0
	411	411	0
	412	412	0
	413	413	0
	414	414	0
	415	415	0
	416	416	0
	417	417	0
	418	418	0
	419	419	0
	420	420	0
	421	421	0
	422	422	0
	423	423	0
	424	424	0
	425	425	0
	426	426	0
	427	427	0
	428	428	0
	429	429	0
	430	430	0
	431	431	0
	432	432	0
	433	433	0
	434	434	0
	435	435	0
	436	436	0
	437	437	0
	438	438	0
	439	439	0
	440	440	0
	441	441	0
	442	442	0
	443	443	0
	444	444	0
	445	445	0
	446	446	0
	447	447	0
	448	448	0
	449	449	0
	450	450	0
	451	451	0
	452	452	0
	453	453	0
	454	454	0
	455	455	0
	456	456	0
	457	457	0
	458	458	0
	459	459	0
	460	460	0
	461	461	0
	462	462	0
	463	463	0
	464	464	0
	465	465	0
	466	466	0
	467	467	0
	468	468	0
	469	469	0
	470	470	0
	471	471	0
	472	472	0
	473	473	0
	474	474	0
	475	475	0
	476	476	0
	477	477	0
	478	478	0
	479	479	0
	480	480	0
	481	481	0
	482	482	0
	483	483	0
	484	484	0
	485	485	0
	486	486	0
	487	487	0
	488	488	0
	489	489	0
	490	490	0
	491	491	0
	492	492	0
	493	493	0
	494	494	0
	495	495	0
	496	496	0
	497	497	0
	498	498	0
	499	499	0
	500	500	0
	501	501	0
	502	502	0
	503	503	0
	504	504	0
	505	505	0
	506	506	0
	507	507	0
	508	508	0
	509	509	0
	510	510	0
	511	511	0
	512	512	0
	513	513	0
	514	514	0
	515	515	0
	516	516	0
	517	517	0
	518	518	0
	519	519	0
	520	520	0
	521	521	0
	522	522	0
	523	523	0
	524	524	0
	525	525	0
	526	526	0
	527	527	0
	528	528	0
	529	529	0
	530	530	0
	531	531	0
	532	532	0
	533	533	0
	534	534	0
	535	535	0
	536	536	0
	537	537	0
	538	538	0
	539	539	0
	540	540	0
	541	541	0
	542	542	0
	543	543	0
	544	544	0
	545	545	0
	546	546	0
	547	547	0
	548	548	0
	549	549	0
	550	550	0
	551	551	0
	552	552	0
	553	553	0
	554	554	0
	555	555	0
	556	556	0
	557	557	0
	558	558	0
	559	559	0
	560	560	0
	561	561	0
	562	562	0
	563	563	0
	564	564	0
	565	565	0
	566	566	0
	567	567	0
	568	568	0
	569	569	0
	570	570	0
	571	571	0
	572	572	0
	573	573	0
	574	574	0
	575	575	0
	576	576	0
	577	577	0
	578	578	0
	579	579	0
	580	580	0
	581	581	0
	582	582	0
	583	583	0
	584	584	0
	585	585	0
	586	586	0
	587	587	0
	588	588	0
	589	589	0
	590	590	0
	591	591	0
	592	592	0
	593	593	0
	594	594	0
	595	595	0
	596	596	0
	597	597	0
	598	598	0
	599	599	0
	600	600	0
	601	601	0
	602	602	0
	603	603	0
	604	604	0
	605	605	0
	606	606	0
	607	607	0
	608	608	0
	609	609	0
	610	610	0
	611	611	0
	612	612	0
	613	613	0
	614	614	0
	615	615	0
	616	616	0
	617	617	0
	618	618	0
	619	619	0
	620	620	0
	621	621	0
	622	622	0
	623	623	0
	624	624	0
	625	625	0
	626	626	0
	627	627	0
	628	628	0
	629	629	0
	630	630	0
	631	631	0
	632	632	0
	633	633	0
	634	634	0
	635	635	0
	636	636	0
	637	637	0
	638	638	0
	639	639	0
	640	640	0
	641	641	0
	642	642	0
	643	643	0
	644	644	0
	645	645	0
	646	646	0
	647	647	0
	648	648	0
	649	649	0
	650	650	0
	651	651	0
	652	652	0
	653	653	0
	654	654	0
	655	655	0
	656	656	0
	657	657	0
	658	658	0
	659	659	0
	660	660	0
	661	661	0
	662	662	0
	663	663	0
	664	664	0
	665	665	0
	666	666	0
	667	667	0
	668	668	0
	669	669	0
	670	670	0
	671	671	0
	672	672	0
	673	673	0
	674	674	0
	675	675	0
	676	676	0
	677	677	0
	678	678	0
	679	679	0
	680	680	0
	681	681	0
	682	682	0
	683	683	0
	684	684	0
	685	685	0
	686	686	0
	687	687	0
	688	688	0
	689	689	0
	690	690	0
	691	691	0
	692	692	0
	693	693	0
	694	694	0
	695	695	0
	696	696	0
	697	697	0
	698	698	0
	699	699	0
	700	700	0
	701	701	0
	702	702	0
	703	703	0
	704	704	0
	705	705	0
	706	706	0
	707	707	0
	708	708	0
	709	709	0
	710	710	0
	711	711	0
	712	712	0
	713	713	0
	714	714	0
	715	715	0
	716	716	0
	717	717	0
	718	718	0
	719	719	0
	720	720	0
	721	721	0
	722	722	0
	723	723	0
	724	724	0
	725	725	0
	726	726	0
	727	727	0
	728	728	0
	729	729	0
	730	730	0
	731	731	0
	732	732	0
	733	733	0
	734	734	0
	735	735	0
	736	736	0
	737	737	0
	738	738	0
	739	739	0
	740	740	0
	741	741	0
	742	742	0
	743	743	0
	744	744	0
	745	745	0
	746	746	0
	747	747	0
	748	748	0
	749	749	0
	750	750	0
	751	751	0
	752	752	0
	753	753	0
	754	754	0
	755	755	0
	756	756	0
	757	757	0
	758	758	0
	759	759	0
	760	760	0
	761	761	0
	762	762	0
	763	763	0
	764	764	0
	765	765	0
	766	766	0
	767	767	0
	768	768	0
	769	769	0
	770	770	0
	771	771	0
	772	772	0
	773	773	0
	774	774	0
	775	775	0
	776	776	0
	777	777	0
	778	778	0
	779	779	0
	780	780	0
	781	781	0
	782	782	0
	783	783	0
	784	784	0
	785	785	0
	786	786	0
	787	787	0
	788	788	0
	789	789	0
	790	790	0
	791	791	0
	792	792	0
	793	793	0
	794	794	0
	795	795	0
	796	796	0
	797	797	0
	798	798	0
	799	799	0
	800	800	0
	801	801	0
	802	802	0
	803	803	0
	804	804	0
	805	805	0
	806	806	0
	807	807	0
	808	808	0
	809	809	0
	810	810	0
	811	811	0
	812	812	0
	813	813	0
	814	814	0
	815	815	0
	816	816	0
	817	817	0
	818	818	0
	819	819	0
	820	820	0
	821	821	0
	822	822	0
	823	823	0
	824	824	0
	825	825	0
	826	826	0
	827	827	0
	828	828	0
	829	829	0
	830	830	0
	831	831	0
	832	832	0
	833	833	0
	834	834	0
	835	835	0
	836	836	0
	837	837	0
	838	838	0
	839	839	0
	840	840	0
	841	841	0
	842	842	0
	843	843	0
	844	844	0
	845	845	0
	846	846	0
	847	847	0
	848	848	0
	849	849	0
	850	850	0
	851	851	0
	852	852	0
	853	853	0
	854	854	0
	855	855	0
	856	856	0
	857	857	0
	858	858	0
	859	859	0
	860	860	0
	861	861	0
	862	862	0
	863	863	0
	864	864	0
	865	865	0
	866	866	0
	867	867	0
	868	868	0
	869	869	0
	870	870	0
	871	871	0
	872	872	0
	873	873	0
	874	874	0
	875	875	0
	876	876	0
	877	877	0
	878	878	0
	879	879	0
	880	880	0
	881	881	0
	882	882	0
	883	883	0
	884	884	0
	885	885	0
	886	886	0
	887	887	0
	888	888	0
	889	889	0
	890	890	0
	891	891	0
	892	892	0
	893	893	0
	894	894	0
	895	895	0
	896	896	0
	897	897	0
	898	898	0
	899	899	0
	900	900	0
	901	901	0
	902	902	0
	903	903	0
	904	904	0
	905	905	0
	906	906	0
	907	907	0
	908	908	0
	909	909	0
	910	910	0
	911	911	0
	912	912	0
	913	913	0
	914	914	0
	915	915	0
	916	916	0
	917	917	0
	918	918	0
	919	919	0
	920	920	0
	921	921	0
	922	922	0
	923	923	0
	924	924	0
	925	925	0
	926	926	0
	927	927	0
	928	928	0
	929	929	0
	930	930	0
	931	931	0
	932	932	0
	933	933	0
	934	934	0
	935	935	0
	936	936	0
	937	937	0
	938	938	0
	939	939	0
	940	940	0
	941	941	0
	942	942	0
	943	943	0
	944	944	0
	945	945	0
	946	946	0
	947	947	0
	948	948	0
	949	949	0
	950	950	0
	951	951	0
	952	952	0
	953	953	0
	954	954	0
	955	955	0
	956	956	0
	957	957	0
	958	958	0
	959	959	0
	960	960	0
	961	961	0
	962	962	0
	963	963	0
	964	964	0
	965	965	0
	966	966	0
	967	967	0
	968	968	0
	969	969	0
	970	970	0
	971	971	0
	972	972	0
	973	973	0
	974	974	0
	975	975	0
	976	976	0
	977	977	0
	978	978	0
	979	979	0
	980	980	0
	981	981	0
	982	982	0
	983	983	0
	984	984	0
	985	985	0
	986	986	0
	987	987	0
	988	988	0
	989	989	0
	990	990	0
	991	991	0
	992	992	0
	993	993	0
	994	994	0
	995	995	0
	996	996	0
	997	997	0
	998	998	0
	999	999	0
	1000	1000	0
	1001	1001	0
	1002	1002	0
	1003	1003	0
	1004	1004	0
	1005	1005	0
	1006	1006	0
	1007	1007	0
	1008	1008	0
	1009	1009	0
	1010	1010	0
	1011	1011	0
	1012	1012	0
	1013	1013	0
	1014	1014	0
	1015	1015	0
	1016	1016	0
	1017	1017	0
	1018	1018	0
	1019	1019	0
	1020	1020	0
	1021	1021	0
	1022	1022	0
	1023	1023	0
	1024	1024	0
	1025	1025	0
	1026	1026	0
	1027	1027	0
	1028	1028	0
	1029	1029	0
	1030	1030	0
	1031	1031	0
	1032	1032	0
	1033	1033	0
	1034	1034	0
	1035	1035	0
	1036	1036	0
	1037	1037	0
	1038	1038	0
	1039	1039	0
	1040	1040	0
	1041	1041	0
	1042	1042	0
	1043	1043	0
	1044	1044	0
	1045	1045	0
	1046	1046	0
	1047	1047	0
	1048	1048	0
	1049	1049	0
	1050	1050	0
	1051	1051	0
	1052	1052	0
	1053	1053	0
	1054	1054	0
	1055	1055	0
	1056	1056	0
	1057	1057	0
	1058	1058	0
	1059	1059	0
	1060	1060	0
	1061	1061	0
	1062	1062	0
	1063	1063	0
	1064	1064	0
	1065	1065	0
	1066	1066	0
	1067	1067	0
	1068	1068	0
	1069	1069	0
	1070	1070	0
	1071	1071	0
	1072	1072	0
	1073	1073	0
	1074	1074	0
	1075	1075	0
	1076	1076	0
	1077	1077	0
	1078	1078	0
	1079	1079	0
	1080	1080	0
	1081	1081	0
	1082	1082	0
	1083	1083	0
	1084	1084	0
	1085	1085	0
