-10.191158294677734		-10.745237350463867
-10.840726852416992		-11.840991020202637
-9.98133659362793		-10.555070877075195
-10.543920516967773		-11.572783470153809
-9.624757766723633		-10.21765422821045
-10.19588851928711		-11.228622436523438
-9.317102432250977		-9.906119346618652
-9.892644882202148		-10.914576530456543
-9.612961769104004		-10.192233085632324
-10.125787734985352		-11.1496000289917
-9.83944320678711		-10.414041519165039
-10.307470321655273		-11.333053588867188
-9.942760467529297		-10.515632629394531
-10.381957054138184		-11.407719612121582
-9.989683151245117		-10.562999725341797
-10.407770156860352		-11.433930397033691
-10.00876235961914		-10.58204174041748
-10.40530014038086		-11.430400848388672
-10.034141540527344		-10.608440399169922
-10.410360336303711		-11.435637474060059
-10.024206161499023		-10.5997896194458
-10.376941680908203		-11.401273727416992
-9.880661010742188		-10.457554817199707
-10.210464477539062		-11.255027770996094
-9.712858200073242		-10.327871322631836
-9.964797973632812		-11.03439998626709
-9.596052169799805		-10.209773063659668
-9.731761932373047		-10.774003982543945
-9.73377513885498		-10.331048965454102
-9.826419830322266		-10.839255332946777
-9.6005859375		-10.191030502319336
-10.167905807495117		-11.19455623626709
-9.511438369750977		-10.098207473754883
-10.246850967407227		-11.274367332458496
-9.440585136413574		-10.043191909790039
-10.246838569641113		-11.273969650268555
-9.393241882324219		-9.976495742797852
-10.391807556152344		-11.424931526184082
-9.916607856750488		-10.499043464660645
-10.58936595916748		-11.614859580993652
-10.042425155639648		-10.6237154006958
-10.654210090637207		-11.680774688720703
-10.106916427612305		-10.68624210357666
-10.692892074584961		-11.718828201293945
-10.243581771850586		-10.818360328674316
-10.774704933166504		-11.799118995666504
-10.378005981445312		-10.951570510864258
-10.858439445495605		-11.88300895690918
-10.388229370117188		-10.964278221130371
-10.85756778717041		-11.882453918457031
-10.350482940673828		-10.9281005859375
-10.82160758972168		-11.845518112182617
-10.346319198608398		-10.92552375793457
-10.80925178527832		-11.833131790161133
-10.323485374450684		-10.913591384887695
-10.780553817749023		-11.812126159667969
-9.534496307373047		-10.294891357421875
-10.256052017211914		-11.25525951385498
-10.809635162353516		-10.955015182495117
-12.129486083984375		-12.370647430419922
-10.428572654724121		-10.562653541564941
-11.659286499023438		-11.88891887664795
-10.322046279907227		-10.526196479797363
-11.050971984863281		-11.683833122253418
-10.324492454528809		-10.856856346130371
-11.291621208190918		-12.026640892028809
-9.982552528381348		-10.503579139709473
-10.92602252960205		-11.649515151977539
-10.14232063293457		-10.678877830505371
-11.059309005737305		-11.75429630279541
-9.805564880371094		-10.330774307250977
-10.708152770996094		-11.391615867614746
-9.828414916992188		-10.282147407531738
-10.314111709594727		-11.245498657226562
-10.042832374572754		-10.625905990600586
-10.851123809814453		-11.652790069580078
-9.707651138305664		-10.279350280761719
-10.505782127380371		-11.295928001403809
-9.857633590698242		-10.366584777832031
-10.715235710144043		-11.374876022338867
-9.523916244506836		-10.021502494812012
-10.373046875		-11.021162033081055
-9.519296646118164		-9.965478897094727
-9.969934463500977		-10.885406494140625
-9.696184158325195		-10.290179252624512
-10.475111961364746		-11.283759117126465
-9.362631797790527		-9.94523811340332
-10.134849548339844		-10.931976318359375
-9.155133247375488		-9.664632797241211
-10.036957740783691		-10.681119918823242
-8.822504043579102		-9.320632934570312
-9.698029518127441		-10.330669403076172
-8.86786937713623		-9.326966285705566
-9.37541389465332		-10.267438888549805
-9.043045043945312		-9.623713493347168
-9.859779357910156		-10.632567405700684
-8.710226058959961		-9.279501914978027
-9.521774291992188		-10.283041954040527
-9.363973617553711		-9.895890235900879
-10.194206237792969		-10.864818572998047
-9.030881881713867		-9.551384925842285
-9.856884002685547		-10.515974998474121
-9.125808715820312		-9.58959674835205
-9.568251609802246		-10.477606773376465
-9.418939590454102		-9.998574256896973
-10.160177230834961		-10.94037914276123
-9.085699081420898		-9.653905868530273
-9.823380470275879		-10.59206485748291
-9.721702575683594		-10.247251510620117
-10.486258506774902		-11.156906127929688
-9.38847541809082		-9.902591705322266
-10.149880409240723		-10.809011459350586
-9.466972351074219		-9.920075416564941
-9.839853286743164		-10.750842094421387
-9.747766494750977		-10.327835083007812
-10.430557250976562		-11.218049049377441
-9.414396286010742		-9.98302173614502
-10.094507217407227		-10.870485305786133
-9.905837059020996		-10.426472663879395
-10.623523712158203		-11.29080867767334
-9.572127342224121		-10.081302642822266
-10.287732124328613		-10.943503379821777
-9.635825157165527		-10.083565711975098
-9.964014053344727		-10.873302459716797
-9.894492149353027		-10.474784851074219
-10.538662910461426		-11.328007698059082
-9.560708045959473		-10.129531860351562
-10.203092575073242		-10.980921745300293
-9.998262405395508		-10.517476081848145
-10.684170722961426		-11.350314140319824
-9.664112091064453		-10.171839714050293
-10.348771095275879		-11.003399848937988
-9.720044136047363		-10.166328430175781
-10.017759323120117		-10.92739486694336
-9.968803405761719		-10.550065040588379
-10.584951400756836		-11.376280784606934
-9.634634971618652		-10.204407691955566
-10.249704360961914		-11.029521942138672
-10.023279190063477		-10.542060852050781
-10.676126480102539		-11.33987808227539
-9.688177108764648		-10.195428848266602
-10.340973854064941		-10.993216514587402
-9.741973876953125		-10.188605308532715
-10.01182746887207		-10.919512748718262
-9.984891891479492		-10.565986633300781
-10.571985244750977		-11.361112594604492
-9.649888038635254		-10.21945571899414
-10.236946105957031		-11.014565467834473
-10.067181587219238		-10.587075233459473
-10.69192123413086		-11.356220245361328
-9.731425285339355		-10.239762306213379
-10.356945991516113		-11.00973892211914
-9.783697128295898		-10.231119155883789
-10.026819229125977		-10.935887336730957
-10.028027534484863		-10.610111236572266
-10.588187217712402		-11.378560066223145
-9.692437171936035		-10.262970924377441
-10.253297805786133		-11.03216552734375
-10.076045989990234		-10.595890045166016
-10.666704177856445		-11.328634262084961
-9.739276885986328		-10.247522354125977
-10.331836700439453		-10.982264518737793
-9.78675365447998		-10.236315727233887
-10.000210762023926		-10.90936279296875
-10.02400016784668		-10.608722686767578
-10.552560806274414		-11.344239234924316
-9.68748664855957		-10.260621070861816
-10.217761993408203		-10.997940063476562
-10.052145957946777		-10.569796562194824
-10.601937294006348		-11.262276649475098
-9.714163780212402		-10.220166206359863
-10.267131805419922		-10.915973663330078
-9.722952842712402		-10.165639877319336
-9.899201393127441		-10.808782577514648
-9.932140350341797		-10.501092910766602
-10.424747467041016		-11.208929061889648
-9.594491958618164		-10.151809692382812
-10.089997291564941		-10.86268138885498
-9.581233024597168		-10.172494888305664
-10.072208404541016		-10.809865951538086
-9.23504638671875		-9.814424514770508
-9.728689193725586		-10.454583168029785
-9.436704635620117		-9.909415245056152
-9.643543243408203		-10.509405136108398
-9.820451736450195		-10.306337356567383
-10.294163703918457		-10.916679382324219
-9.474364280700684		-9.948369979858398
-9.950654983520508		-10.561409950256348
-9.453764915466309		-9.894463539123535
-9.563199996948242		-10.461275100708008
-9.660639762878418		-10.284585952758789
-10.074200630187988		-10.898816108703613
-9.320962905883789		-9.933194160461426
-9.739441871643066		-10.552566528320312
-9.670654296875		-10.243563652038574
-9.984506607055664		-10.69771671295166
-9.328044891357422		-9.88912296295166
-9.649662971496582		-10.351393699645996
-9.480541229248047		-9.947029113769531
-9.525537490844727		-10.38420295715332
-9.769942283630371		-10.264671325683594
-10.073601722717285		-10.705188751220703
-9.422659873962402		-9.905461311340332
-9.730081558227539		-10.349912643432617
-9.402070999145508		-9.848895072937012
-9.367654800415039		-10.27088451385498
-9.420591354370117		-10.064273834228516
-9.699926376342773		-10.535652160644531
-9.073394775390625		-9.70515251159668
-9.356416702270508		-10.180384635925293
-9.708444595336914		-10.221634864807129
-9.754220962524414		-10.367999076843262
-9.36355972290039		-9.864826202392578
-9.419332504272461		-10.02164077758789
-9.409391403198242		-9.87470817565918
-9.171655654907227		-10.046037673950195
-9.682308197021484		-10.2811279296875
-9.699241638183594		-10.451790809631348
-9.337562561035156		-9.924464225769043
-9.364377975463867		-10.105456352233887
-9.648926734924316		-10.177884101867676
-10.261552810668945		-10.936721801757812
-9.291314125061035		-9.807846069335938
-9.926200866699219		-10.589945793151855
-9.32037353515625		-9.78908920288086
-9.639364242553711		-10.558126449584961
-9.529730796813965		-10.114681243896484
-10.234309196472168		-11.021202087402344
-9.168169021606445		-9.74053955078125
-9.898816108703613		-10.67430305480957
-9.54250717163086		-10.071080207824707
-10.45265007019043		-11.123528480529785
-9.172271728515625		-9.6879243850708
-10.116829872131348		-10.776333808898926
-9.197343826293945		-9.664823532104492
-9.800764083862305		-10.716692924499512
-9.3977632522583		-9.97409725189209
-10.360941886901855		-11.154942512512207
-9.011937141418457		-9.574740409851074
-10.024520874023438		-10.807205200195312
-9.609176635742188		-10.1427640914917
-10.461892127990723		-11.124957084655762
-9.247377395629883		-9.768378257751465
-10.126420974731445		-10.778080940246582
-9.25002670288086		-9.72994613647461
-9.80916690826416		-10.719379425048828
-9.461004257202148		-10.059563636779785
-10.356063842773438		-11.142130851745605
-9.092448234558105		-9.678153991699219
-10.02033805847168		-10.795022964477539
-9.154337882995605		-9.67640495300293
-10.54425048828125		-11.229476928710938
-8.682538032531738		-9.187695503234863
-10.204486846923828		-10.878724098205566
-8.549230575561523		-9.01146125793457
-9.88521957397461		-10.811113357543945
-8.597843170166016		-9.148118019104004
-10.45544147491455		-11.26118278503418
-8.626541137695312		-9.179570198059082
-10.13528823852539		-10.928152084350586
-9.597785949707031		-10.136754035949707
-10.803260803222656		-11.483200073242188
-9.301446914672852		-9.830398559570312
-10.470381736755371		-11.138668060302734
-9.45193862915039		-9.925613403320312
-10.168155670166016		-11.087514877319336
-9.792840003967285		-10.377772331237793
-10.772699356079102		-11.567635536193848
-9.482012748718262		-10.05635929107666
-10.439258575439453		-11.222596168518066
-9.960667610168457		-10.47896671295166
-10.956781387329102		-11.629875183105469
-9.64975357055664		-10.157462120056152
-10.62333869934082		-11.284836769104004
-9.74344253540039		-10.20058822631836
-10.297725677490234		-11.215036392211914
-9.99970817565918		-10.584920883178711
-10.872909545898438		-11.670835494995117
-9.681705474853516		-10.256051063537598
-10.539194107055664		-11.325549125671387
-10.032129287719727		-10.549095153808594
-10.99734115600586		-11.669268608093262
-9.719561576843262		-10.225872993469238
-10.663843154907227		-11.324178695678711
-9.81106185913086		-10.266600608825684
-10.338693618774414		-11.254593849182129
-10.056150436401367		-10.639334678649902
-10.908347129821777		-11.704689025878906
-9.73721694946289		-10.30949592590332
-10.574601173400879		-11.359375953674316
-10.178760528564453		-10.69900894165039
-11.073762893676758		-11.746959686279297
-9.859676361083984		-10.369012832641602
-10.74001407623291		-11.401642799377441
-9.953770637512207		-10.408108711242676
-10.420211791992188		-11.335777282714844
-10.21114444732666		-10.791913032531738
-10.998455047607422		-11.792609214782715
-9.888256072998047		-10.457966804504395
-10.664559364318848		-11.447158813476562
-10.411969184875488		-10.933670997619629
-11.212095260620117		-11.886299133300781
-10.086662292480469		-10.597208023071289
-10.878106117248535		-11.540764808654785
-10.167007446289062		-10.618881225585938
-10.549223899841309		-11.467019081115723
-10.424877166748047		-11.007506370544434
-11.130881309509277		-11.928142547607422
-10.097735404968262		-10.66913890838623
-10.796822547912598		-11.582547187805176
-10.495904922485352		-11.014077186584473
-11.256338119506836		-11.927108764648438
-10.168855667114258		-10.675804138183594
-10.922283172607422		-11.581518173217773
-10.232566833496094		-10.682950019836426
-10.582225799560547		-11.499443054199219
-10.46728515625		-11.05206298828125
-11.1478853225708		-11.946876525878906
-10.1388578414917		-10.712360382080078
-10.813777923583984		-11.601238250732422
-10.44360065460205		-10.960821151733398
-11.204307556152344		-11.872431755065918
-10.116402626037598		-10.622393608093262
-10.870248794555664		-11.526839256286621
-10.179464340209961		-10.631641387939453
-10.533153533935547		-11.448392868041992
-10.403987884521484		-10.988490104675293
-11.08898639678955		-11.885437965393066
-10.075448989868164		-10.648670196533203
-10.754877090454102		-11.539798736572266
-10.431886672973633		-10.951499938964844
-11.182877540588379		-11.851709365844727
-10.103792190551758		-10.612141609191895
-10.848785400390625		-11.506087303161621
-10.169639587402344		-10.624385833740234
-10.515180587768555		-11.43136978149414
-10.399983406066895		-10.985032081604004
-11.073919296264648		-11.870041847229004
-10.070761680603027		-10.644503593444824
-10.739785194396973		-11.524378776550293
-10.427693367004395		-10.948394775390625
-11.159423828125		-11.827635765075684
-10.098304748535156		-10.607690811157227
-10.82528305053711		-11.481965065002441
-10.166421890258789		-10.620245933532715
-10.498200416564941		-11.411500930786133
-10.39498519897461		-10.97854232788086
-11.05526351928711		-11.849486351013184
-10.06475830078125		-10.636968612670898
-10.721090316772461		-11.503789901733398
-10.377359390258789		-10.88839340209961
-11.100232124328613		-11.763714790344238
-10.046972274780273		-10.546652793884277
-10.766053199768066		-11.418012619018555
-9.95533275604248		-10.36455249786377
-10.175491333007812		-11.126789093017578
-9.898211479187012		-10.553820610046387
-10.490429878234863		-11.40223503112793
-9.567190170288086		-10.211419105529785
-10.156227111816406		-11.05650806427002
-1.2407780885696411		-2.3719356060028076
-0.24096298217773438		-0.9558590650558472
-10.617382049560547		-12.505258560180664
-11.084819793701172		-13.656037330627441
-10.494609832763672		-12.012429237365723
-10.13047981262207		-11.395812034606934
-9.74393081665039		-10.981369972229004
-9.580763816833496		-10.81760025024414
-9.518087387084961		-10.755465507507324
-9.571853637695312		-10.809212684631348
-9.60993766784668		-10.849257469177246
-9.629676818847656		-10.8696870803833
-9.639778137207031		-10.879578590393066
-9.649751663208008		-10.888782501220703
-9.659794807434082		-10.898294448852539
-9.660042762756348		-10.935871124267578
-9.431427955627441		-10.717809677124023
-9.08260726928711		-10.430503845214844
-9.384513854980469		-10.657438278198242
-9.597554206848145		-10.862709999084473
-9.704010009765625		-10.927905082702637
-9.732845306396484		-10.957639694213867
-9.767690658569336		-10.989445686340332
-9.828041076660156		-11.049537658691406
-9.87913990020752		-11.103483200073242
-9.90776252746582		-11.132116317749023
-9.935182571411133		-11.159337043762207
-9.974325180053711		-11.198208808898926
-10.00728988647461		-11.230451583862305
-10.019317626953125		-11.241363525390625
-10.028301239013672		-11.248764038085938
-10.041332244873047		-11.263236999511719
-10.194870948791504		-11.409043312072754
-9.685233116149902		-10.78164005279541
-11.871562004089355		-13.14877986907959
-11.198040008544922		-12.404244422912598
-11.020875930786133		-12.19308090209961
-11.661704063415527		-12.886160850524902
-10.988183975219727		-12.14162540435791
-11.156503677368164		-12.358394622802734
-10.482982635498047		-11.613858222961426
-10.260202407836914		-11.401741027832031
-10.85541820526123		-12.093867301940918
-10.181897163391113		-11.349331855773926
-10.897736549377441		-12.054810523986816
-10.22421646118164		-11.310275077819824
-10.035202026367188		-11.149431228637695
-10.664182662963867		-11.892831802368164
-9.990662574768066		-11.148296356201172
-10.656933784484863		-11.819327354431152
-9.983412742614746		-11.07479190826416
-9.823251724243164		-10.94404125213623
-10.481086730957031		-11.717535018920898
-9.807565689086914		-10.972999572753906
-10.67426872253418		-11.828749656677246
-10.000748634338379		-11.084214210510254
-9.867399215698242		-10.982562065124512
-10.552045822143555		-11.785154342651367
-9.878524780273438		-11.040618896484375
-10.747084617614746		-11.904464721679688
-10.073563575744629		-11.159928321838379
-9.93527889251709		-11.05285930633545
-10.614990234375		-11.850035667419434
-9.941469192504883		-11.105500221252441
-10.785550117492676		-11.945716857910156
-10.112030029296875		-11.201180458068848
-9.968973159790039		-11.088817596435547
-10.643911361694336		-11.880699157714844
-9.970390319824219		-11.136163711547852
-10.808778762817383		-11.969300270080566
-10.135257720947266		-11.224764823913574
-9.989765167236328		-11.109659194946289
-10.662269592285156		-11.89880084991455
-9.988748550415039		-11.154264450073242
-10.816641807556152		-11.977646827697754
-10.143120765686035		-11.233111381530762
-9.997788429260254		-11.118066787719727
-10.670451164245605		-11.907264709472656
-9.996931076049805		-11.162728309631348
-10.834184646606445		-11.99398136138916
-10.160664558410645		-11.249444961547852
-10.015308380126953		-11.134310722351074
-10.687947273254395		-11.923419952392578
-10.014427185058594		-11.17888355255127
-10.84248161315918		-12.003369331359863
-10.168961524963379		-11.258832931518555
-10.021114349365234		-11.151007652282715
-10.691263198852539		-11.947425842285156
-10.017742156982422		-11.202890396118164
-10.856073379516602		-12.067124366760254
-10.182552337646484		-11.322588920593262
-10.0037202835083		-11.139512062072754
-10.642885208129883		-11.860679626464844
-9.969364166259766		-11.116143226623535
-10.272109985351562		-11.56885814666748
-9.598589897155762		-10.824321746826172
-9.49128532409668		-10.729580879211426
-10.201976776123047		-11.539081573486328
-9.52845573425293		-10.79454517364502
-9.364731788635254		-10.608424186706543
-10.019001007080078		-11.326546669006348
-9.345480918884277		-10.582011222839355
-10.01565933227539		-11.31633472442627
-9.342138290405273		-10.571799278259277
-9.339597702026367		-10.57514762878418
-10.155054092407227		-11.482742309570312
-9.481531143188477		-10.738204956054688
-9.424015045166016		-10.662727355957031
-10.184492111206055		-11.491495132446289
-9.510972023010254		-10.74695873260498
-10.617340087890625		-11.781538009643555
-9.943819046020508		-11.037001609802246
-9.840431213378906		-10.985645294189453
-10.555039405822754		-11.838532447814941
-9.881519317626953		-11.093996047973633
-10.819174766540527		-11.984479904174805
-10.14565372467041		-11.239944458007812
-10.026702880859375		-11.142081260681152
-10.725748062133789		-11.948463439941406
-10.052227020263672		-11.203927040100098
-10.915223121643066		-12.062154769897461
-10.241703033447266		-11.317619323730469
-10.101126670837402		-11.207411766052246
-10.778547286987305		-12.001447677612305
-10.105027198791504		-11.256911277770996
-10.937932014465332		-12.088164329528809
-10.264410972595215		-11.3436279296875
-10.126239776611328		-11.234861373901367
-10.80606460571289		-12.030338287353516
-10.132542610168457		-11.285802841186523
-11.001890182495117		-12.145103454589844
-10.328369140625		-11.400566101074219
-10.194280624389648		-11.297723770141602
-10.87818717956543		-12.099124908447266
-10.204666137695312		-11.354589462280273
-11.089239120483398		-12.23664665222168
-10.415718078613281		-11.492111206054688
-10.2787446975708		-11.386606216430664
-10.959768295288086		-12.185345649719238
-10.286247253417969		-11.44080924987793
-11.142881393432617		-12.293331146240234
-10.4693603515625		-11.548795700073242
-10.327168464660645		-11.436883926391602
-11.002971649169922		-12.229216575622559
-10.329451560974121		-11.484681129455566
-11.174705505371094		-12.325814247131348
-10.501182556152344		-11.581278800964355
-10.358489990234375		-11.468863487243652
-11.033790588378906		-12.260693550109863
-10.360269546508789		-11.516158103942871
-11.215703964233398		-12.366989135742188
-10.542182922363281		-11.622453689575195
-10.401620864868164		-11.512557029724121
-11.07905387878418		-12.306904792785645
-10.405533790588379		-11.562368392944336
-11.273542404174805		-12.424530029296875
-10.600021362304688		-11.679994583129883
-10.457128524780273		-11.56759262084961
-11.132229804992676		-12.359437942504883
-10.458709716796875		-11.614901542663574
-11.306961059570312		-12.458215713500977
-10.633440017700195		-11.713680267333984
-10.485445022583008		-11.595588684082031
-11.155445098876953		-12.38174057006836
-10.481924057006836		-11.637205123901367
-11.314477920532227		-12.465383529663086
-10.64095687866211		-11.720847129821777
-10.492568969726562		-11.602239608764648
-11.162176132202148		-12.3878755569458
-10.488655090332031		-11.643340110778809
-11.33037281036377		-12.479512214660645
-10.656852722167969		-11.73497486114502
-10.509458541870117		-11.617435455322266
-11.180058479309082		-12.404139518737793
-10.506538391113281		-11.6596040725708
-11.345906257629395		-12.501361846923828
-10.672386169433594		-11.756826400756836
-10.538640975952148		-11.672287940979004
-11.22288990020752		-12.491992950439453
-10.549369812011719		-11.747457504272461
-11.711228370666504		-12.804901123046875
-11.037708282470703		-12.060365676879883
-10.736465454101562		-11.838666915893555
-11.253218650817871		-12.521212577819824
-10.57969856262207		-11.776677131652832
-9.967523574829102		-9.594499588012695
-10.5768404006958		-10.5647611618042
-10.484739303588867		-10.789813041687012
-9.95842170715332		-9.52499771118164
-10.371538162231445		-10.308575630187988
-10.213462829589844		-10.457542419433594
-9.323137283325195		-9.37081527709961
-9.366530418395996		-10.08503532409668
-9.583976745605469		-10.233266830444336
-9.533340454101562		-9.643421173095703
-9.746932029724121		-10.257966995239258
-9.755583763122559		-10.401815414428711
-9.518306732177734		-9.567849159240723
-9.666169166564941		-10.126249313354492
-9.679759979248047		-10.264961242675781
-8.383557319641113		-9.297330856323242
-8.396113395690918		-9.923468589782715
-8.551715850830078		-9.984280586242676
-9.21360969543457		-9.490737915039062
-9.279840469360352		-10.04401683807373
-9.011127471923828		-9.850875854492188
-9.19775104522705		-9.414289474487305
-9.216278076171875		-9.929473876953125
-8.962318420410156		-9.7410249710083
-8.659430503845215		-9.224472045898438
-8.37421989440918		-9.692828178405762
-8.500167846679688		-9.535426139831543
-9.289886474609375		-9.428547859191895
-9.333084106445312		-9.894110679626465
-9.057854652404785		-9.650225639343262
-9.273682594299316		-9.351655960083008
-9.276455879211426		-9.78644847869873
-9.019979476928711		-9.55128288269043
-8.141736030578613		-9.099178314208984
-8.029729843139648		-9.618635177612305
-7.918169975280762		-9.311357498168945
-9.033244132995605		-9.277823448181152
-9.014347076416016		-9.743586540222168
-8.703421592712402		-9.51225757598877
-9.01686954498291		-9.200798034667969
-8.961467742919922		-9.639692306518555
-8.671403884887695		-9.41917896270752
-8.461974143981934		-9.003486633300781
-8.10991096496582		-9.402469635009766
-8.196633338928223		-9.213788986206055
-9.03140640258789		-9.178321838378906
-9.027979850769043		-9.59846305847168
-8.813480377197266		-9.397604942321777
-9.014908790588379		-9.101085662841797
-8.977401733398438		-9.496825218200684
-8.785128593444824		-9.308173179626465
-7.868542194366455		-8.845426559448242
-7.730939865112305		-9.33435344696045
-7.671599864959717		-9.07409381866455
-8.568716049194336		-8.809784889221191
-8.552245140075684		-9.276004791259766
-8.387868881225586		-9.196066856384277
-8.552153587341309		-8.73254680633545
-8.503250122070312		-9.175982475280762
-8.361961364746094		-9.109094619750977
-7.998895645141602		-8.544870376586914
-7.6692914962768555		-8.957077026367188
-7.880711078643799		-8.917323112487793
-8.616329193115234		-8.7465181350708
-8.637794494628906		-9.178300857543945
-8.551196098327637		-9.139330863952637
-8.599700927734375		-8.669132232666016
-8.589906692504883		-9.07934284210205
-8.527074813842773		-9.054122924804688
-7.529878616333008		-8.490517616271973
-7.417171955108643		-8.996376037597656
-7.484687328338623		-8.890157699584961
-8.651119232177734		-8.917771339416504
-8.600573539733887		-9.343731880187988
-8.405458450317383		-9.213927268981934
-8.634438514709473		-8.840250968933105
-8.553504943847656		-9.245551109313965
-8.382674217224121		-9.130034446716309
-8.107057571411133		-8.667879104614258
-7.739998817443848		-9.039461135864258
-7.931097984313965		-8.95214557647705
-8.89204216003418		-9.02441692352295
-8.84483528137207		-9.39062786102295
-8.638450622558594		-9.22766399383545
-8.875322341918945		-8.946805000305176
-8.798398971557617		-9.293050765991211
-8.616691589355469		-9.144782066345215
-7.793441295623779		-8.751729965209961
-7.612569808959961		-9.193205833435059
-7.571903228759766		-8.96875286102295
-8.938467025756836		-9.200627326965332
-8.825769424438477		-9.565359115600586
-8.498751640319824		-9.309581756591797
-8.92171859741211		-9.122965812683105
-8.77983283996582		-9.468271255493164
-8.477790832519531		-9.227494239807129
-8.396709442138672		-8.94937515258789
-7.964461326599121		-9.259063720703125
-8.033357620239258		-9.04892349243164
-9.14739990234375		-9.282064437866211
-9.045044898986816		-9.595202445983887
-8.726140975952148		-9.31722640991211
-9.130626678466797		-9.20433521270752
-8.999504089355469		-9.49848747253418
-8.705827713012695		-9.235774040222168
-8.029045104980469		-8.987627029418945
-7.793656349182129		-9.37649917602539
-7.647988319396973		-9.042091369628906
-9.105966567993164		-9.364527702331543
-8.951980590820312		-9.687545776367188
-8.548531532287598		-9.360841751098633
-9.0891695022583		-9.28670883178711
-8.906755447387695		-9.591111183166504
-8.528751373291016		-9.279906272888184
-8.563385009765625		-9.111465454101562
-8.089263916015625		-9.379751205444336
-8.085640907287598		-9.100560188293457
-9.273600578308105		-9.409480094909668
-9.138666152954102		-9.689315795898438
-8.7672119140625		-9.359164237976074
-9.256786346435547		-9.331620216369629
-9.093706130981445		-9.593132972717285
-8.747862815856934		-9.278653144836426
-8.147029876708984		-9.106367111206055
-7.879728317260742		-9.462801933288574
-7.685185432434082		-9.078925132751465
-9.19591999053955		-9.453839302062988
-9.015857696533203		-9.749957084655762
-8.578559875488281		-9.390938758850098
-9.179083824157715		-9.375890731811523
-8.97110652923584		-9.653949737548828
-8.559581756591797		-9.310779571533203
-8.653416633605957		-9.200424194335938
-8.152786254882812		-9.442025184631348
-8.117095947265625		-9.131570816040039
-9.344470977783203		-9.481596946716309
-9.18635368347168		-9.738508224487305
-8.793545722961426		-9.385022163391113
-9.327625274658203		-9.4036283493042
-9.141788482666016		-9.642678260803223
-8.774862289428711		-9.305157661437988
-8.211833953857422		-9.173280715942383
-7.92247200012207		-9.507676124572754
-7.707797050476074		-9.102060317993164
-9.234808921813965		-9.49305248260498
-9.034704208374023		-9.76685905456543
-8.58932113647461		-9.401260375976562
-9.21793270111084		-9.414904594421387
-8.990264892578125		-9.671077728271484
-8.570928573608398		-9.321647644042969
-8.692939758300781		-9.240355491638184
-8.17316722869873		-9.460522651672363
-8.128880500793457		-9.144152641296387
-9.375153541564941		-9.512714385986328
-9.199788093566895		-9.749753952026367
-8.804495811462402		-9.395586013793945
-9.358272552490234		-9.4345703125
-9.155482292175293		-9.654112815856934
-8.786308288574219		-9.316182136535645
-8.243721008300781		-9.20607852935791
-7.937699317932129		-9.521799087524414
-7.72158145904541		-9.116507530212402
-9.280250549316406		-9.540270805358887
-9.062543869018555		-9.794888496398926
-8.612340927124023		-9.423370361328125
-9.263345718383789		-9.46198558807373
-9.018326759338379		-9.699273109436035
-8.594364166259766		-9.344144821166992
-8.739922523498535		-9.288668632507324
-8.202171325683594		-9.489770889282227
-8.153701782226562		-9.168116569519043
-9.421695709228516		-9.560498237609863
-9.22781753540039		-9.77897834777832
-8.828770637512207		-9.418676376342773
-9.404790878295898		-9.482233047485352
-9.183700561523438		-9.68347454071045
-8.81093978881836		-9.33960247039795
-8.286194801330566		-9.25086784362793
-7.9626874923706055		-9.548863410949707
-7.743147850036621		-9.138594627380371
-9.305290222167969		-9.565993309020996
-9.070100784301758		-9.80048942565918
-8.624074935913086		-9.434611320495605
-9.288354873657227		-9.487513542175293
-9.026029586791992		-9.704931259155273
-8.606428146362305		-9.355672836303711
-8.76445484161377		-9.314709663391113
-8.209529876708984		-9.49630069732666
-8.164234161376953		-9.180672645568848
-9.434642791748047		-9.576560020446777
-9.223640441894531		-9.776130676269531
-8.836118698120117		-9.437073707580566
-9.417709350585938		-9.49811840057373
-9.179647445678711		-9.680673599243164
-8.818572044372559		-9.358246803283691
-8.297506332397461		-9.267260551452637
-7.958224296569824		-9.547365188598633
-7.749446868896484		-9.159438133239746
-9.30335521697998		-9.563821792602539
-9.049543380737305		-9.77676773071289
-8.632763862609863		-9.479199409484863
-9.286382675170898		-9.48512077331543
-9.00556468963623		-9.681205749511719
-8.615377426147461		-9.400473594665527
-8.757343292236328		-9.297593116760254
-8.18220043182373		-9.456022262573242
-8.165266036987305		-9.209941864013672
-9.365859985351562		-9.479580879211426
-9.133829116821289		-9.670357704162598
-8.816600799560547		-9.370319366455078
-9.348893165588379		-9.400933265686035
-9.089913368225098		-9.574884414672852
-8.79928207397461		-9.291674613952637
-8.155885696411133		-9.151200294494629
-7.793274879455566		-9.436970710754395
-7.658653259277344		-9.079830169677734
-8.556632995605469		-8.887417793273926
-8.368871688842773		-9.142775535583496
-7.734326362609863		-8.648259162902832
-8.538178443908691		-8.805935859680176
-8.322541236877441		-9.043742179870605
-7.715812683105469		-8.567031860351562
-8.022176742553711		-8.686198234558105
-7.5871734619140625		-8.923558235168457
-7.289547443389893		-8.475281715393066
-8.861425399780273		-9.055084228515625
-8.760843276977539		-9.289346694946289
-7.912282943725586		-8.721640586853027
-8.842973709106445		-8.973617553710938
-8.714526176452637		-9.190335273742676
-7.893780708312988		-8.64043140411377
-8.333061218261719		-8.786626815795898
-7.870562553405762		-8.949997901916504
-7.4403767585754395		-8.445446014404297
-9.06899642944336		-9.266992568969727
-8.821249961853027		-9.437472343444824
-8.289471626281738		-8.972580909729004
-9.051980018615723		-9.187983512878418
-8.777355194091797		-9.341856002807617
-8.272378921508789		-8.894079208374023
-7.935445785522461		-8.969759941101074
-7.564040184020996		-9.226274490356445
-7.2034711837768555		-8.708141326904297
-8.95737075805664		-9.262944221496582
-8.629395484924316		-9.395862579345703
-8.015478134155273		-8.89826488494873
-8.940284729003906		-9.183425903320312
-8.585444450378418		-9.299956321716309
-7.998568058013916		-8.819833755493164
-8.408535957336426		-9.048723220825195
-7.842297554016113		-9.171810150146484
-7.557742118835449		-8.712969779968262
-8.856828689575195		-9.0538969039917
-8.663507461547852		-9.185495376586914
-7.878329753875732		-8.664939880371094
-8.838347434997559		-8.972222328186035
-8.617192268371582		-9.08639144897461
-7.859947204589844		-8.58380126953125
-8.282341957092285		-8.781270027160645
-7.73832893371582		-8.859637260437012
-7.359065532684326		-8.394763946533203
-8.581781387329102		-8.813126564025879
-8.323074340820312		-8.939274787902832
-7.894537925720215		-8.606496810913086
-8.563301086425781		-8.731464385986328
-8.276771545410156		-8.840188980102539
-7.876161575317383		-8.525370597839355
-7.505194664001465		-8.555750846862793
-7.120028495788574		-8.762587547302246
-6.855975151062012		-8.385576248168945
-9.027203559875488		-9.287737846374512
-8.591901779174805		-9.278602600097656
-8.38232707977295		-9.165176391601562
-9.010063171386719		-9.207820892333984
-8.547934532165527		-9.182499885559082
-8.365604400634766		-9.08684253692627
-8.481026649475098		-9.043054580688477
-7.744847774505615		-8.994726181030273
-7.922137260437012		-8.935025215148926
-9.190794944763184		-9.371426582336426
-8.817971229553223		-9.328788757324219
-8.65042495727539		-9.261275291442871
-9.173657417297363		-9.291529655456543
-8.774030685424805		-9.232722282409668
-8.633731842041016		-9.182977676391602
-8.06757926940918		-9.078574180603027
-7.586058616638184		-9.145922660827637
-7.599893569946289		-9.048069953918457
-9.070697784423828		-9.335881233215332
-8.816431045532227		-9.565485954284668
-8.594269752502441		-9.408590316772461
-9.053266525268555		-9.253762245178223
-8.772110939025879		-9.468023300170898
-8.578174591064453		-9.330389976501465
-8.521692276000977		-9.081620216369629
-7.963160514831543		-9.268917083740234
-8.13895034790039		-9.16964054107666
-9.163681983947754		-9.29732608795166
-9.05352783203125		-9.60942268371582
-8.859867095947266		-9.4412841796875
-9.146159172058105		-9.214520454406738
-9.009102821350098		-9.511541366577148
-8.843971252441406		-9.36313247680664
-8.035019874572754		-9.007390022277832
-7.804193496704102		-9.407671928405762
-7.784274578094482		-9.191798210144043
-9.005082130432129		-9.265335083007812
-8.95029354095459		-9.698426246643066
-8.704771041870117		-9.507269859313965
-8.987360954284668		-9.181032180786133
-8.905614852905273		-9.599604606628418
-8.689281463623047		-9.42918586730957
-8.458513259887695		-9.010275840759277
-8.09212875366211		-9.397906303405762
-8.237359046936035		-9.262211799621582
-9.111294746398926		-9.225274085998535
-9.116266250610352		-9.684666633605957
-8.926698684692383		-9.511975288391113
-9.093219757080078		-9.138276100158691
-9.071117401123047		-9.584139823913574
-8.91191577911377		-9.433992385864258
-7.995713233947754		-8.945655822753906
-7.870281219482422		-9.483651161193848
-7.8477983474731445		-9.255306243896484
-9.046476364135742		-9.310945510864258
-9.003249168395996		-9.741532325744629
-8.736287117004395		-9.538843154907227
-9.028946876525879		-9.228096008300781
-8.958853721618652		-9.643662452697754
-8.720462799072266		-9.460752487182617
-8.488847732543945		-9.051778793334961
-8.141916275024414		-9.440008163452148
-8.277774810791016		-9.297137260437012
-9.109296798706055		-9.262173652648926
-9.157842636108398		-9.712099075317383
-8.96594524383545		-9.544594764709473
-9.09161376953125		-9.178155899047852
-9.113250732421875		-9.613492965698242
-8.95043659210205		-9.466556549072266
-7.958698272705078		-8.9547119140625
-7.889501571655273		-9.496389389038086
-7.869477272033691		-9.28565502166748
-8.7435941696167		-8.990092277526855
-8.949150085449219		-9.730807304382324
-8.790590286254883		-9.601775169372559
-8.723564147949219		-8.8882417678833
-8.901369094848633		-9.620843887329102
-8.779644012451172		-9.52428913116455
-8.186698913574219		-8.691646575927734
-8.083683967590332		-9.404516220092773
-8.329216957092285		-9.3595552444458
-8.832565307617188		-8.851550102233887
-9.12518310546875		-9.686447143554688
-9.036519050598145		-9.619372367858887
-8.823901176452637		-8.836146354675293
-9.092899322509766		-9.631597518920898
-9.00352668762207		-9.53928279876709
-7.779171943664551		-8.707094192504883
-7.928318023681641		-9.572369575500488
-7.960906028747559		-9.374884605407715
-9.0943021774292		-9.364640235900879
-9.206160545349121		-9.961963653564453
-8.923019409179688		-9.724531173706055
-9.078256607055664		-9.293092727661133
-9.163824081420898		-9.871331214904785
-8.904361724853516		-9.646150588989258
-8.583258628845215		-9.155052185058594
-8.375272750854492		-9.691609382629395
-8.479639053344727		-9.492803573608398
-9.443317413330078		-9.570076942443848
-9.471171379089355		-10.030547142028809
-9.16710090637207		-9.749786376953125
-9.4269437789917		-9.496027946472168
-9.428391456604004		-9.938324928283691
-9.149091720581055		-9.671489715576172
-8.32211685180664		-9.294689178466797
-8.213163375854492		-9.82502269744873
-8.075663566589355		-9.481045722961426
-9.434806823730469		-9.67721939086914
-9.380668640136719		-10.125711441040039
-8.99837875366211		-9.803670883178711
-9.41843032836914		-9.603154182434082
-9.337891578674316		-10.033483505249023
-8.980381965637207		-9.725380897521973
-8.90993595123291		-9.45361042022705
-8.539316177368164		-9.845130920410156
-8.556435585021973		-9.569653511047363
-9.614848136901855		-9.74588680267334
-9.575027465820312		-10.136297225952148
-9.2287015914917		-9.811315536499023
-9.598311424255371		-9.6705961227417
-9.532035827636719		-10.043292999267578
-9.211023330688477		-9.733071327209473
-8.479144096374512		-9.45421314239502
-8.304475784301758		-9.917859077453613
-8.130300521850586		-9.536134719848633
-9.515321731567383		-9.75717544555664
-9.437207221984863		-10.181510925292969
-9.04059886932373		-9.846019744873047
-9.498907089233398		-9.682822227478027
-9.394388198852539		-10.089110374450684
-9.022688865661621		-9.767751693725586
-8.9923677444458		-9.534612655639648
-8.5977144241333		-9.902179718017578
-8.600377082824707		-9.614014625549316
-9.681976318359375		-9.810614585876465
-9.62562370300293		-10.18529987335205
-9.268986701965332		-9.852067947387695
-9.665416717529297		-9.735164642333984
-9.582611083984375		-10.092202186584473
-9.251361846923828		-9.773838996887207
-8.548904418945312		-9.521720886230469
-8.356393814086914		-9.969149589538574
-8.174020767211914		-9.57938003540039
-9.624619483947754		-9.87319278717041
-9.517282485961914		-10.261796951293945
-9.09536361694336		-9.900708198547363
-9.608057022094727		-9.797714233398438
-9.47426700592041		-10.168685913085938
-9.077751159667969		-9.82248592376709
-9.108194351196289		-9.652783393859863
-8.682660102844238		-9.984670639038086
-8.661888122558594		-9.672760009765625
-9.814927101135254		-9.942999839782715
-9.72079086303711		-10.277524948120117
-9.32872486114502		-9.912618637084961
-9.798276901245117		-9.866866111755371
-9.677659034729004		-10.183996200561523
-9.311281204223633		-9.834419250488281
-8.681452751159668		-9.651407241821289
-8.449698448181152		-10.059003829956055
-8.237133026123047		-9.640167236328125
-9.797927856445312		-10.051773071289062
-9.644065856933594		-10.38731575012207
-9.172622680664062		-9.977728843688965
-9.781225204467773		-9.975220680236816
-9.600863456726074		-10.293522834777832
-9.155289649963379		-9.899544715881348
-9.283796310424805		-9.829741477966309
-8.809255599975586		-10.108357429504395
-8.74479866027832		-9.751080513000488
-9.97890853881836		-10.111992835998535
-9.839747428894043		-10.397971153259277
-9.40298843383789		-9.986077308654785
-9.962163925170898		-10.035123825073242
-9.796489715576172		-10.303977966308594
-9.385740280151367		-9.907906532287598
-8.830703735351562		-9.804279327392578
-8.5549955368042		-10.165136337280273
-8.302186012268066		-9.704341888427734
-9.88783073425293		-10.138816833496094
-9.707770347595215		-10.447680473327637
-9.217395782470703		-10.021883964538574
-9.871087074279785		-10.06196403503418
-9.66451644897461		-10.35369873046875
-9.200145721435547		-9.943716049194336
-9.370268821716309		-9.914068222045898
-8.869568824768066		-10.166382789611816
-8.787823677062988		-9.794387817382812
-10.024568557739258		-10.160350799560547
-9.872237205505371		-10.43188762664795
-9.436727523803711		-10.018319129943848
-10.007791519165039		-10.083259582519531
-9.828941345214844		-10.337757110595703
-9.419540405273438		-9.940160751342773
-8.868698120117188		-9.846561431884766
-8.581259727478027		-10.194236755371094
-8.329414367675781		-9.733556747436523
-9.875858306884766		-10.125304222106934
-9.695594787597656		-10.434314727783203
-9.227578163146973		-10.030980110168457
-9.859110832214355		-10.048425674438477
-9.652338981628418		-10.340322494506836
-9.21034049987793		-9.952816009521484
-9.35755729675293		-9.90146255493164
-8.858136177062988		-10.154668807983398
-8.796125411987305		-9.805001258850098
-10.000240325927734		-10.134902000427246
-9.852559089660645		-10.410510063171387
-9.444757461547852		-10.025320053100586
-9.983463287353516		-10.05778980255127
-9.809264183044434		-10.316370010375977
-9.427579879760742		-9.947166442871094
-8.849145889282227		-9.827709197998047
-8.56641960144043		-10.179793357849121
-8.340786933898926		-9.746685028076172
-9.877927780151367		-10.130026817321777
-9.696946144104004		-10.436591148376465
-9.248451232910156		-10.050397872924805
-9.861160278320312		-10.052993774414062
-9.653665542602539		-10.342500686645508
-9.231256484985352		-9.972243309020996
-9.361601829528809		-9.908171653747559
-8.861512184143066		-10.159077644348145
-8.818094253540039		-9.8267183303833
-10.013456344604492		-10.148557662963867
-9.861045837402344		-10.419111251831055
-9.468246459960938		-10.047358512878418
-9.996662139892578		-10.071329116821289
-9.817731857299805		-10.324894905090332
-9.451101303100586		-9.96921157836914
-8.862059593200684		-9.842337608337402
-8.575052261352539		-10.189854621887207
-8.363763809204102		-9.770482063293457
-9.890016555786133		-10.143500328063965
-9.702465057373047		-10.441777229309082
-9.269333839416504		-10.073417663574219
-9.873218536376953		-10.066242218017578
-9.65914535522461		-10.34754467010498
-9.252197265625		-9.995272636413574
-9.372038841247559		-9.92202377319336
-8.865350723266602		-10.165322303771973
-8.836810111999512		-9.851234436035156
-10.025629043579102		-10.159639358520508
-9.869539260864258		-10.424772262573242
-9.50018310546875		-10.108644485473633
-10.008813858032227		-10.082237243652344
-9.826192855834961		-10.330449104309082
-9.483083724975586		-10.030503273010254
-8.892875671386719		-9.859833717346191
-8.611431121826172		-10.20400333404541
-8.418088912963867		-9.840899467468262
-9.905538558959961		-10.14613151550293
-9.711017608642578		-10.440347671508789
-9.522401809692383		-10.281510353088379
-9.888717651367188		-10.068700790405273
-9.667670249938965		-10.3460054397583
-9.505311965942383		-10.203371047973633
-9.275837898254395		-9.893067359924316
-8.688190460205078		-10.109223365783691
-8.94814682006836		-10.011693954467773
-9.64144515991211		-9.800110816955566
-9.346349716186523		-10.015958786010742
-9.569193840026855		-10.126945495605469
-9.624610900878906		-9.722569465637207
-9.302982330322266		-9.921546936035156
-9.552133560180664		-10.048810958862305
-8.306403160095215		-9.097197532653809
-8.169301986694336		-9.431917190551758
-8.22604751586914		-9.475516319274902
10.081226348876953		10.137290954589844
10.983526229858398		11.084632873535156
11.332161903381348		11.628902435302734
9.980469703674316		10.01343059539795
10.540655136108398		10.602144241333008
10.725591659545898		10.923590660095215
10.443802833557129		9.770650863647461
10.838347434997559		10.180503845214844
10.985193252563477		10.377047538757324
10.56591510772705		9.843494415283203
10.923200607299805		10.280747413635254
10.794820785522461		10.471748352050781
10.462993621826172		9.730697631835938
10.722267150878906		10.066144943237305
10.573933601379395		10.223509788513184
10.757064819335938		9.426473617553711
11.053552627563477		9.807646751403809
10.8029146194458		9.765992164611816
10.387336730957031		9.688838958740234
10.65599250793457		10.007737159729004
10.247486114501953		9.9723539352417
10.284042358398438		9.577494621276855
10.488442420959473		9.83010196685791
10.079890251159668		9.787269592285156
10.674070358276367		9.410161972045898
10.763853073120117		9.572092056274414
10.380127906799316		9.471784591674805
10.371193885803223		9.693747520446777
10.524797439575195		9.908353805541992
10.085719108581543		9.82506275177002
10.267569541931152		9.582813262939453
10.370620727539062		9.745538711547852
9.93964958190918		9.665487289428711
10.593605995178223		9.301216125488281
10.766183853149414		9.549696922302246
10.246797561645508		9.291671752929688
10.245944023132324		9.559111595153809
10.387097358703613		9.75277328491211
9.871603012084961		9.602951049804688
10.142353057861328		9.448609352111816
10.240245819091797		9.598065376281738
9.737112045288086		9.457099914550781
10.520952224731445		9.266594886779785
10.519615173339844		9.341099739074707
10.045341491699219		9.151472091674805
10.198803901672363		9.517328262329102
10.277527809143066		9.659211158752441
9.78077507019043		9.52032470703125
10.09498119354248		9.406839370727539
10.135063171386719		9.509371757507324
9.653472900390625		9.382991790771484
10.41491413116455		9.116582870483398
10.539955139160156		9.32203483581543
9.975037574768066		9.023207664489746
9.886310577392578		9.195393562316895
9.996580123901367		9.359627723693848
9.473978042602539		9.205432891845703
9.78260612487793		9.085189819335938
9.857255935668945		9.213255882263184
9.351533889770508		9.073859214782715
10.178611755371094		8.920382499694824
10.169410705566406		8.990023612976074
9.689510345458984		8.799761772155762
9.869585037231445		9.186546325683594
9.934194564819336		9.315352439880371
9.44296932220459		9.18228530883789
9.765676498413086		9.076258659362793
9.79693603515625		9.171281814575195
9.324003219604492		9.054832458496094
10.22707748413086		8.926433563232422
10.351441383361816		9.132522583007812
9.77568244934082		8.826903343200684
10.010542869567871		9.317764282226562
10.076717376708984		9.439109802246094
9.501984596252441		9.232751846313477
9.906437873840332		9.207368850708008
9.940970420837402		9.296723365783691
9.385611534118652		9.108372688293457
10.327129364013672		9.067707061767578
10.274754524230957		9.096450805664062
9.746403694152832		8.85909652709961
10.112446784973145		9.42903995513916
10.113207817077637		9.495028495788574
9.551726341247559		9.29122543334961
10.008210182189941		9.318581581115723
9.97863483428955		9.353949546813965
9.437346458435059		9.169207572937012
10.4382905960083		9.138198852539062
10.501227378845215		9.2846097946167
9.865899085998535		8.92041015625
10.2510404586792		9.55808162689209
10.258820533752441		9.621988296508789
9.618139266967773		9.349047660827637
10.146746635437012		9.447616577148438
10.125198364257812		9.481964111328125
9.50532341003418		9.228882789611816
10.563231468200684		9.303269386291504
10.452054023742676		9.275049209594727
9.863180160522461		8.977011680603027
10.333532333374023		9.649059295654297
10.284809112548828		9.666595458984375
9.665366172790527		9.404765129089355
10.22913932800293		9.538538932800293
10.151914596557617		9.527383804321289
9.553802490234375		9.28608512878418
10.618305206298828		9.317516326904297
10.63219165802002		9.416740417480469
9.948945999145508		9.004843711853027
10.394363403320312		9.700582504272461
10.363154411315918		9.726216316223145
9.679771423339844		9.41061782836914
10.289814949035645		9.589942932128906
10.230802536010742		9.587616920471191
9.569225311279297		9.293142318725586
10.70160961151123		9.440403938293457
10.552120208740234		9.375415802001953
9.924506187438965		9.038542747497559
10.450910568237305		9.765323638916016
10.372026443481445		9.753436088562012
9.718567848205566		9.457784652709961
10.346302032470703		9.654653549194336
10.240163803100586		9.615384101867676
9.608856201171875		9.341300010681152
10.718534469604492		9.41657543182373
10.703540802001953		9.488381385803223
9.991999626159668		9.048222541809082
10.481391906738281		9.786665916442871
10.426095962524414		9.788756370544434
9.71678638458252		9.447468757629395
10.376629829406738		9.675865173339844
10.294572830200195		9.651090621948242
9.607767105102539		9.331805229187012
10.786336898803711		9.52377700805664
10.613033294677734		9.436280250549316
9.96216106414795		9.075929641723633
10.525630950927734		9.839008331298828
10.427063941955566		9.807896614074707
9.75234317779541		9.491373062133789
10.420841217041016		9.72819995880127
10.295886993408203		9.670615196228027
9.643902778625488		9.376391410827637
10.782459259033203		9.479107856750488
10.748828887939453		9.533458709716797
10.01987075805664		9.07571029663086
10.528963088989258		9.833258628845215
10.456069946289062		9.818099021911621
9.729576110839844		9.460050582885742
10.423832893371582		9.722126960754395
10.32498836517334		9.680947303771973
9.621623992919922		9.345649719238281
10.833511352539062		9.569552421569824
10.64376163482666		9.466724395751953
9.978018760681152		9.091204643249512
10.567452430725098		9.879889488220215
10.454303741455078		9.83454418182373
9.765546798706055		9.504303932189941
10.462340354919434		9.768790245056152
10.323492050170898		9.697687149047852
9.65800666809082		9.390389442443848
10.82604694366455		9.521387100219727
10.779726028442383		9.563998222351074
10.039240837097168		9.094476699829102
10.58491039276123		9.888331413269043
10.49846076965332		9.8599214553833
9.75802993774414		9.48822021484375
10.479528427124023		9.776971817016602
10.367700576782227		9.723137855529785
9.650838851928711		9.374720573425293
10.88965129852295		9.624411582946777
10.686185836791992		9.508891105651855
10.00848388671875		9.120887756347656
10.623522758483887		9.935072898864746
10.497576713562012		9.877159118652344
9.795910835266113		9.534408569335938
10.518184661865234		9.823770523071289
10.367033958435059		9.740612983703613
9.689019203186035		9.421262741088867
10.875267028808594		9.569295883178711
10.816951751708984		9.600829124450684
10.066598892211914		9.1209716796875
10.622318267822266		9.924922943115234
10.523168563842773		9.88400936126709
9.771560668945312		9.501514434814453
10.51656723022461		9.813217163085938
10.392524719238281		9.747384071350098
9.664924621582031		9.388673782348633
10.926031112670898		9.658897399902344
10.710440635681152		9.532014846801758
10.023357391357422		9.134178161621094
10.654499053955078		9.963336944580078
10.517702102661133		9.894844055175781
9.809489250183105		9.543777465820312
10.548828125		9.851716995239258
10.387248992919922		9.758420944213867
9.70307445526123		9.431196212768555
10.90466022491455		9.59504508972168
10.836406707763672		9.618160247802734
10.082708358764648		9.131465911865234
10.641800880432129		9.941601753234863
10.531097412109375		9.889134407043457
9.795133590698242		9.502481460571289
10.53562068939209		9.82947826385498
10.400442123413086		9.752523422241211
9.688908576965332		9.39012622833252
10.920639038085938		9.660552024841309
10.692115783691406		9.5209379196167
10.02185344696045		9.121147155761719
10.600183486938477		9.935079574584961
10.464250564575195		9.860363006591797
9.763504981994629		9.515069961547852
10.494112014770508		9.82306957244873
10.333765029907227		9.723933219909668
9.657442092895508		9.40290641784668
10.8095121383667		9.525279998779297
10.755182266235352		9.550909996032715
10.008700370788574		9.066658020019531
10.278332710266113		9.560033798217773
10.237787246704102		9.579581260681152
9.341383934020996		9.046630859375
10.166535377502441		9.441582679748535
10.100383758544922		9.435823440551758
9.23007869720459		8.928603172302246
10.638856887817383		9.339046478271484
10.518381118774414		9.314556121826172
9.710589408874512		8.760063171386719
10.484125137329102		9.747693061828613
10.434494018554688		9.757258415222168
9.501218795776367		9.185359001159668
10.372358322143555		9.629277229309082
10.297131538391113		9.613542556762695
9.389947891235352		9.067368507385254
10.75112533569336		9.45468521118164
10.565535545349121		9.365655899047852
9.714102745056152		8.789033889770508
10.423913955688477		9.770915985107422
10.304084777832031		9.701569557189941
9.50045394897461		9.244107246398926
10.317138671875		9.65821361541748
10.173325538635254		9.564882278442383
9.394657135009766		9.1322603225708
10.701416015625		9.421157836914062
10.660337448120117		9.450746536254883
9.802887916564941		8.855046272277832
10.426856994628906		9.749691009521484
10.288829803466797		9.661539077758789
9.398859024047852		9.134026527404785
10.31907844543457		9.635987281799316
10.157506942749023		9.524296760559082
9.293172836303711		9.022309303283691
10.768546104431152		9.514060020446777
10.559699058532715		9.386457443237305
9.749139785766602		8.838029861450195
10.51314926147461		9.760936737060547
10.404150009155273		9.719311714172363
9.448553085327148		9.128464698791504
10.400971412658691		9.64211368560791
10.266611099243164		9.57542610168457
9.33741283416748		9.010631561279297
10.757451057434082		9.452160835266113
10.527764320373535		9.325620651245117
9.660297393798828		8.724899291992188
10.256162643432617		9.559127807617188
10.152587890625		9.513849258422852
9.303653717041016		9.015037536621094
10.144012451171875		9.440332412719727
10.015081405639648		9.369998931884766
9.192535400390625		8.897229194641113
10.591090202331543		9.264094352722168
10.558406829833984		9.320828437805176
9.671697616577148		8.684332847595215
10.474837303161621		9.810855865478516
10.267610549926758		9.644426345825195
9.45760440826416		9.202397346496582
10.3662748336792		9.696374893188477
10.135903358459473		9.506810188293457
9.352092742919922		9.090886116027832
10.783797264099121		9.539796829223633
10.479732513427734		9.311006546020508
9.74781322479248		8.86465072631836
10.56678581237793		9.869318962097168
10.31712532043457		9.687995910644531
9.570167541503906		9.285090446472168
10.458267211914062		9.754886627197266
10.185490608215332		9.550457000732422
9.464725494384766		9.173661231994629
10.840412139892578		9.522754669189453
10.714668273925781		9.489721298217773
9.96219253540039		8.987252235412598
10.534463882446289		9.830805778503418
10.453378677368164		9.808128356933594
9.741570472717285		9.46558952331543
10.421558380126953		9.71198558807373
10.319026947021484		9.667877197265625
9.636209487915039		9.354252815246582
10.82439136505127		9.548969268798828
10.641783714294434		9.459761619567871
10.014057159423828		9.116459846496582
10.530076026916504		9.834712028503418
10.465709686279297		9.840982437133789
9.819787979125977		9.556930541992188
10.415820121765137		9.714547157287598
10.330543518066406		9.699918746948242
9.714487075805664		9.445660591125488
10.809433937072754		9.492795944213867
10.82551383972168		9.60448932647705
10.140806198120117		9.186387062072754
10.503597259521484		9.798751831054688
10.524250030517578		9.881336212158203
9.86113452911377		9.589998245239258
10.386385917663574		9.675626754760742
10.387256622314453		9.738449096679688
9.75589370727539		9.478797912597656
10.789437294006348		9.512191772460938
10.702942848205566		9.522821426391602
10.121877670288086		9.227092742919922
10.495244979858398		9.798551559448242
10.507668495178223		9.882070541381836
9.908926963806152		9.645474433898926
10.372716903686523		9.670112609863281
10.367362022399902		9.735871315002441
9.803750038146973		9.534346580505371
10.792989730834961		9.47526741027832
10.866678237915039		9.645353317260742
10.213565826416016		9.258066177368164
10.564725875854492		9.860061645507812
10.58043384552002		9.936812400817871
9.89955997467041		9.627796173095703
10.450386047363281		9.739814758300781
10.445291519165039		9.79577922821045
9.794380187988281		9.516668319702148
10.843527793884277		9.565155029296875
10.755461692810059		9.574767112731934
10.163070678710938		9.267692565917969
10.544488906860352		9.844257354736328
10.557100296020508		9.931840896606445
9.943934440612793		9.68127727508545
10.427844047546387		9.72170639038086
10.420528411865234		9.789382934570312
9.83879566192627		9.570199966430664
10.786750793457031		9.46460247039795
10.886606216430664		9.66486930847168
10.24790096282959		9.289737701416016
10.341168403625488		9.632780075073242
10.525074005126953		9.88135051727295
9.969158172607422		9.697816848754883
10.189327239990234		9.475030899047852
10.366422653198242		9.716813087463379
9.864213943481445		9.58693790435791
10.538841247558594		9.25613021850586
10.648563385009766		9.468079566955566
10.23059368133545		9.334747314453125
10.191486358642578		9.489583969116211
10.427989959716797		9.802470207214355
10.025440216064453		9.762499809265137
10.210265159606934		9.502456665039062
10.376471519470215		9.745065689086914
9.919703483581543		9.650830268859863
10.739166259765625		9.414270401000977
10.944554328918457		9.722121238708496
10.352595329284668		9.393183708190918
10.634352684020996		9.922788619995117
10.747523307800293		10.103215217590332
10.124458312988281		9.852957725524902
10.54232406616211		9.82485580444336
10.626450538635254		9.976261138916016
10.019271850585938		9.741844177246094
10.998994827270508		9.714509963989258
10.973531723022461		9.793538093566895
10.401334762573242		9.503929138183594
10.81540298461914		10.116789817810059
10.829580307006836		10.204136848449707
10.200691223144531		9.936518669128418
10.71843433380127		10.01391887664795
10.70541763305664		10.074092864990234
10.095545768737793		9.825450897216797
11.115243911743164		9.794998168945312
11.173660278320312		9.953330039978027
10.480406761169434		9.522089958190918
10.890631675720215		10.182540893554688
10.915820121765137		10.271458625793457
10.226810455322266		9.954060554504395
10.793633460998535		10.079639434814453
10.791647911071777		10.141406059265137
10.121679306030273		9.843009948730469
11.228155136108398		9.945860862731934
11.12083625793457		9.940651893615723
10.49696159362793		9.597579002380371
10.968259811401367		10.268213272094727
10.942709922790527		10.316420555114746
10.28004264831543		10.015326499938965
10.868844032287598		10.162895202636719
10.817028999328613		10.184859275817871
10.174938201904297		9.904302597045898
11.236488342285156		9.914569854736328
11.26066780090332		10.039847373962402
10.546451568603516		9.586832046508789
10.967543601989746		10.258491516113281
10.980377197265625		10.335297584533691
10.279788970947266		10.006576538085938
10.869979858398438		10.155024528503418
10.855867385864258		10.204909324645996
10.174686431884766		9.895560264587402
11.304819107055664		10.02116870880127
11.184781074523926		10.00420093536377
10.55168628692627		9.65084457397461
11.035308837890625		10.334693908691406
11.001935958862305		10.375070571899414
10.330810546875		10.065536499023438
10.935575485229492		10.229058265686035
10.876070022583008		10.243327140808105
10.225728034973145		9.95454216003418
11.30748176574707		9.984612464904785
11.322282791137695		10.101041793823242
10.599992752075195		9.639303207397461
11.078834533691406		10.369091987609863
11.071830749511719		10.426103591918945
10.349100112915039		10.07531452178955
10.979047775268555		10.263402938842773
10.94593620300293		10.294332504272461
10.244027137756348		9.96433162689209
11.417243957519531		10.132637977600098
11.277018547058105		10.096233367919922
10.625846862792969		9.723559379577637
11.15685749053955		10.45596694946289
11.100573539733887		10.473325729370117
10.406399726867676		10.140530586242676
11.055776596069336		10.348982810974121
10.973870277404785		10.340744972229004
10.301342010498047		10.029560089111328
11.422760009765625		10.099639892578125
11.414724349975586		10.193615913391113
10.673995018005371		9.712681770324707
11.239768028259277		10.529888153076172
11.202021598815918		10.555988311767578
10.446602821350098		10.17225456237793
11.137860298156738		10.422080039978027
11.074804306030273		10.422896385192871
10.341554641723633		10.061296463012695
11.572741508483887		10.287540435791016
11.401069641113281		10.220235824584961
10.72299861907959		9.819299697875977
11.308706283569336		10.607162475585938
11.224333763122559		10.596585273742676
10.500833511352539		10.234529495239258
11.206174850463867		10.49872875213623
11.096729278564453		10.463103294372559
10.395793914794922		10.123581886291504
11.543299674987793		10.219489097595215
11.509586334228516		10.288554191589355
10.749748229980469		9.787400245666504
11.323427200317383		10.61312484741211
11.271072387695312		10.624613761901855
10.501750946044922		10.227051734924316
11.220926284790039		10.504721641540527
11.143489837646484		10.491156578063965
10.396717071533203		10.116110801696777
11.649785041809082		10.363509178161621
11.463457107543945		10.282272338867188
10.774900436401367		9.869784355163574
11.364407539367676		10.661808967590332
11.273782730102539		10.645228385925293
10.543266296386719		10.276590347290039
11.261435508728027		10.552935600280762
11.14590835571289		10.51147747039795
10.438240051269531		10.165657043457031
11.586259841918945		10.26085090637207
11.547686576843262		10.325949668884277
10.785379409790039		9.821348190307617
11.328317642211914		10.616989135742188
11.27886962890625		10.631586074829102
10.513303756713867		10.23826789855957
11.225765228271484		10.508536338806152
11.151260375976562		10.498101234436035
10.408279418945312		10.127338409423828
11.65468978881836		10.366862297058105
11.47164535522461		10.289830207824707
10.787896156311035		9.881373405456543
11.361417770385742		10.657891273498535
11.27647590637207		10.647134780883789
10.551902770996094		10.28481388092041
11.258407592773438		10.548980712890625
11.148582458496094		10.513367652893066
10.446885108947754		10.173891067504883
11.593988418579102		10.26704216003418
11.561121940612793		10.338528633117676
10.803962707519531		9.83834457397461
11.351335525512695		10.639065742492676
11.303557395935059		10.655518531799316
10.538717269897461		10.263276100158691
11.248477935791016		10.530305862426758
11.175761222839355		10.52184772491455
10.433700561523438		10.152356147766113
11.679434776306152		10.390226364135742
11.497556686401367		10.315244674682617
10.815803527832031		9.907909393310547
11.390589714050293		10.686251640319824
11.305379867553711		10.675315856933594
10.580292701721191		10.312827110290527
11.287347793579102		10.577108383178711
11.177343368530273		10.54140567779541
10.475282669067383		10.201911926269531
11.623470306396484		10.295248985290527
11.590436935424805		10.367255210876465
10.834146499633789		9.867100715637207
11.379952430725098		10.666988372802734
11.330034255981445		10.681397438049316
10.563389778137207		10.287635803222656
11.276653289794922		10.55778694152832
11.201963424682617		10.54745101928711
10.458380699157715		10.17672348022461
11.707313537597656		10.417922973632812
11.523871421813965		10.34228229522705
10.842028617858887		9.93371295928955
11.416045188903809		10.713934898376465
11.330876350402832		10.702594757080078
10.616765022277832		10.342480659484863
11.312460899353027		10.604448318481445
11.202627182006836		10.568470001220703
10.511758804321289		10.231571197509766
11.657487869262695		10.323201179504395
11.62613296508789		10.394539833068848
10.88362979888916		9.900875091552734
11.426424980163574		10.68067455291748
11.375495910644531		10.691516876220703
10.677937507629395		10.377495765686035
11.322785377502441		10.571131706237793
11.247213363647461		10.557361602783203
10.572935104370117		10.26658821105957
11.679492950439453		10.340784072875977
11.453678131103516		10.23040771484375
10.855610847473145		9.888495445251465
11.206258773803711		10.445572853088379
11.084567070007324		10.415953636169434
10.546712875366211		10.202446937561035
11.102400779724121		10.3358154296875
10.95615005493164		10.28166389465332
10.44171142578125		10.091544151306152
10.855566024780273		9.890005111694336
10.901592254638672		10.073737144470215
10.278521537780762		9.687273979187012
14.502176284790039		10.617382049560547
15.34183406829834		11.084818840026855
13.077254295349121		10.494608879089355
9.107772827148438		8.721190452575684
10.145995140075684		9.592436790466309
10.247465133666992		9.306123733520508
9.069524765014648		8.669411659240723
10.076496124267578		9.501420021057129
10.189494132995605		9.201910018920898
8.297828674316406		7.579357147216797
9.331724166870117		8.337421417236328
9.481342315673828		8.113015174865723
8.720927238464355		8.362874984741211
9.592733383178711		9.0634126663208
10.008811950683594		9.003522872924805
8.672703742980957		8.309910774230957
9.530234336853027		8.99730110168457
9.955988883972168		8.938401222229004
7.837595462799072		7.119962215423584
8.79338264465332		7.78029203414917
9.165647506713867		7.749793529510498
8.594139099121094		8.128371238708496
9.43204116821289		8.732585906982422
9.454267501831055		8.500417709350586
8.544535636901855		8.075242042541504
9.370505332946777		8.669914245605469
9.402156829833984		8.44069766998291
7.774872303009033		7.004579544067383
8.621805191040039		7.538505554199219
8.690723419189453		7.385270118713379
8.485904693603516		8.062183380126953
9.263423919677734		8.601762771606445
9.214733123779297		8.312019348144531
8.435742378234863		8.008983612060547
9.202276229858398		8.540480613708496
9.162915229797363		8.254486083984375
7.604750156402588		6.819596767425537
8.471086502075195		7.3281354904174805
8.375917434692383		7.071125507354736
8.309703826904297		7.875244140625
9.100074768066406		8.415454864501953
9.152912139892578		8.213059425354004
8.259242057800293		7.8220109939575195
9.039138793945312		8.354921340942383
9.101245880126953		8.156698226928711
7.486022472381592		6.74803352355957
8.28532600402832		7.221611976623535
8.38223648071289		7.098744869232178
8.15783977508545		7.739012718200684
8.91939640045166		8.252910614013672
9.014436721801758		8.109016418457031
8.107189178466797		7.685754776000977
8.858588218688965		8.192837715148926
8.962871551513672		8.053388595581055
7.275938510894775		6.493483543395996
8.128751754760742		6.980546474456787
8.173151016235352		6.867684364318848
7.733260154724121		7.299954414367676
8.555427551269531		7.863864421844482
8.918157577514648		7.978603839874268
7.682487487792969		7.246685028076172
8.494708061218262		7.804107666015625
8.866653442382812		7.923464298248291
6.911131381988525		6.173034191131592
7.7447428703308105		6.674317359924316
8.145135879516602		6.8642168045043945
7.623453140258789		7.203072547912598
8.422409057617188		7.74963903427124
8.835695266723633		7.928395748138428
7.572588920593262		7.149789333343506
8.361749649047852		7.690104961395264
8.784242630004883		7.873613357543945
6.753956317901611		5.9728264808654785
7.641310214996338		6.492559432983398
8.004632949829102		6.7021379470825195
7.82499885559082		7.389935493469238
8.610746383666992		7.914669990539551
8.925869941711426		7.985350131988525
7.774065017700195		7.336641788482666
8.550131797790527		7.8552985191345215
8.874457359313965		7.930835723876953
7.008630275726318		6.268167972564697
7.8041672706604		6.7295989990234375
8.157888412475586		6.877522945404053
7.9363861083984375		7.519248008728027
8.668045997619629		7.996644973754883
8.90360164642334		7.993813514709473
7.885397911071777		7.465946197509766
8.607464790344238		7.937399387359619
8.852218627929688		7.939502716064453
7.065168857574463		6.286572456359863
7.885182857513428		6.737235069274902
8.07160758972168		6.767547130584717
8.150215148925781		7.717874050140381
8.87189769744873		8.177666664123535
9.001025199890137		8.057464599609375
8.099185943603516		7.6645660400390625
8.8113431930542		8.118521690368652
8.949664115905762		8.003314971923828
7.335516452789307		6.596566200256348
8.066072463989258		6.992449760437012
8.23466682434082		6.95142936706543
8.230594635009766		7.815352916717529
8.905593872070312		8.235645294189453
8.969087600708008		8.057722091674805
8.179533004760742		7.762041091918945
8.845061302185059		8.176578521728516
8.917746543884277		8.003700256347656
7.356950283050537		6.578726768493652
8.120803833007812		6.972411632537842
8.135236740112305		6.829134941101074
8.334692001342773		7.903998374938965
9.01193618774414		8.319103240966797
9.041912078857422		8.097162246704102
8.283600807189941		7.850681781768799
8.95141887664795		8.260099411010742
8.990588188171387		8.043248176574707
7.521320819854736		6.782525539398193
8.207382202148438		7.133603572845459
8.276613235473633		6.991628170013428
8.368049621582031		7.953636646270752
9.006603240966797		8.33743667602539
8.999760627746582		8.088191032409668
8.316936492919922		7.900313854217529
8.946101188659668		8.278486251831055
8.94844913482666		8.03436279296875
7.494200229644775		6.715365409851074
8.222063064575195		7.072693347930908
8.165849685668945		6.858829021453857
8.426285743713379		7.996377468109131
9.07381820678711		8.381861686706543
9.06509017944336		8.120565414428711
8.375152587890625		7.943051815032959
9.013324737548828		8.322952270507812
9.013792037963867		8.066812515258789
7.614511013031006		6.87492036819458
8.271017074584961		7.196290493011475
8.300981521606445		7.015316963195801
8.437564849853516		8.023686408996582
9.04995059967041		8.381464958190918
9.017702102661133		8.106979370117188
8.3864164352417		7.9703569412231445
8.98946762084961		8.322593688964844
8.966411590576172		8.053284645080566
7.564101696014404		6.784201145172119
8.266525268554688		7.115732669830322
8.184247970581055		6.876873970031738
8.457141876220703		8.027742385864258
9.077648162841797		8.386438369750977
9.072945594787598		8.129487991333008
8.405976295471191		7.9744086265563965
9.017168045043945		8.327591896057129
9.0216703414917		8.075851440429688
7.647200107574463		6.906412124633789
8.277280807495117		7.201174736022949
8.310287475585938		7.024445056915283
8.457974433898926		8.044293403625488
9.045204162597656		8.377326965332031
9.025627136230469		8.11604118347168
8.406798362731934		7.990956783294678
8.98473072052002		8.31850814819336
8.974356651306152		8.062446594238281
7.586108684539795		6.805049419403076
8.263870239257812		7.1119537353515625
8.19377326965332		6.886503219604492
8.495630264282227		8.066420555114746
9.091317176818848		8.400863647460938
9.08871078491211		8.146608352661133
8.444441795349121		8.013081550598145
9.030845642089844		8.342062950134277
9.03745174407959		8.09305477142334
7.687685489654541		6.945398807525635
8.293354034423828		7.215832710266113
8.327747344970703		7.041924476623535
8.49747371673584		8.084157943725586
9.060379981994629		8.393454551696777
9.04144287109375		8.133407592773438
8.44627857208252		8.030817985534668
8.99991512298584		8.334672927856445
8.990187644958496		8.079883575439453
7.626467227935791		6.844100475311279
8.280773162841797		7.1274733543396
8.210590362548828		6.903327465057373
8.50966739654541		8.080458641052246
9.077808380126953		8.388001441955566
9.097662925720215		8.155444145202637
8.458459854125977		8.027113914489746
9.017340660095215		8.329228401184082
9.046420097351074		8.101956367492676
7.703388690948486		6.959335803985596
8.282159805297852		7.202930927276611
8.337987899780273		7.050518989562988
8.498620986938477		8.083575248718262
9.034560203552246		8.366381645202637
9.064659118652344		8.137414932250977
8.447409629821777		8.030230522155762
8.974098205566406		8.307623863220215
9.01341724395752		8.08394718170166
7.629861354827881		6.8431925773620605
8.258325576782227		7.100340843200684
8.236167907714844		6.907124042510986
8.48584270477295		8.055523872375488
9.02243709564209		8.331110000610352
9.163265228271484		8.159189224243164
8.434618949890137		8.00217056274414
8.961969375610352		8.272354125976562
9.112040519714355		8.105753898620605
7.674546718597412		6.933363914489746
8.219926834106445		7.144683361053467
8.398031234741211		7.052733421325684
8.358979225158691		7.991379261016846
8.87646484375		8.243805885314941
8.977133750915527		8.064958572387695
8.307753562927246		7.938028335571289
8.816001892089844		8.185065269470215
8.925907135009766		8.01153564453125
7.492888927459717		6.736428260803223
8.118759155273438		6.962738990783691
8.150960922241211		6.8204121589660645
7.496502876281738		7.075695991516113
8.047764778137207		7.342395305633545
7.955134391784668		7.043188571929932
7.44533634185791		7.02204704284668
7.9871015548706055		7.283171653747559
7.903986930847168		6.989527225494385
6.733540058135986		5.955848693847656
7.328734874725342		6.173099517822266
7.2399725914001465		5.941276550292969
7.626043319702148		7.146982669830322
8.144198417663574		7.380120277404785
7.9420623779296875		7.037386894226074
7.574875831604004		7.093335151672363
8.083537101745605		7.320899486541748
7.890913963317871		6.983728408813477
6.822128772735596		6.028353691101074
7.334458827972412		6.189108848571777
7.176788806915283		5.930049896240234
8.110072135925293		7.735602378845215
8.5708589553833		7.924736022949219
8.444705963134766		7.512416362762451
8.058829307556152		7.682240962982178
8.51038646697998		7.8659987449646
8.393501281738281		7.45904016494751
7.23810338973999		6.495936870574951
7.792208194732666		6.660337924957275
7.613396167755127		6.282260417938232
8.099032402038574		7.722053050994873
8.50289535522461		7.842936992645264
8.397671699523926		7.451254367828369
8.047774314880371		7.66867733001709
8.442407608032227		7.784189701080322
8.3464937210083		7.397913932800293
7.32889986038208		6.599328517913818
7.7839179039001465		6.672561168670654
7.6768012046813965		6.3467512130737305
7.594647407531738		7.124048709869385
7.966839790344238		7.209716796875
7.881326675415039		6.993345260620117
7.543471336364746		7.070394515991211
7.906171798706055		7.1504950523376465
7.8301897048950195		6.939711570739746
6.805088520050049		5.996195316314697
7.191508769989014		6.011725902557373
7.1292290687561035		5.8765363693237305
7.370089530944824		6.952419281005859
7.725958824157715		7.033406734466553
7.909341812133789		7.017346382141113
7.318914890289307		6.898763656616211
7.665295124053955		6.974188327789307
7.858206272125244		6.9637131690979
6.520411014556885		5.72414493560791
6.96676778793335		5.77984094619751
7.099457263946533		5.796677589416504
8.100639343261719		7.713088035583496
8.289596557617188		7.625932216644287
8.872746467590332		7.925844192504883
8.049365997314453		7.659702777862549
8.229097366333008		7.567180633544922
8.821592330932617		7.872541427612305
7.302311420440674		6.590897083282471
7.509721279144287		6.443564414978027
8.122238159179688		6.820850849151611
8.176067352294922		7.762925148010254
8.34045124053955		7.6680908203125
8.952383041381836		7.997151851654053
8.12479305267334		7.70953893661499
8.27995491027832		7.609344959259033
8.901228904724121		7.943855285644531
7.316737651824951		6.525324821472168
7.577176570892334		6.40875244140625
8.133947372436523		6.774089336395264
8.137300491333008		7.705175399780273
8.677593231201172		7.986151695251465
9.075610160827637		8.128829002380371
8.085966110229492		7.651730537414551
8.617018699645996		7.927328586578369
9.024569511413574		8.075652122497559
7.3388495445251465		6.582418441772461
7.89605188369751		6.802541255950928
8.325223922729492		7.024809837341309
8.0645751953125		7.648666858673096
8.75313663482666		8.090941429138184
9.062782287597656		8.16586971282959
8.01322078704834		7.595202922821045
8.692538261413574		8.032098770141602
9.011777877807617		8.11273193359375
7.205345630645752		6.409977912902832
7.989832401275635		6.828118801116943
8.242790222167969		6.9377946853637695
8.027071952819824		7.595716953277588
8.872602462768555		8.18984603881836
9.15340518951416		8.22552490234375
7.975677490234375		7.5422139167785645
8.811951637268066		8.130951881408691
9.102477073669434		8.172469139099121
7.231116771697998		6.473447799682617
8.092870712280273		7.005256175994873
8.402545928955078		7.119087219238281
7.955303192138672		7.538113117218018
8.861663818359375		8.202027320861816
9.11502456665039		8.221007347106934
7.903836250305176		7.484540939331055
8.800917625427246		8.14303970336914
9.064234733581543		8.168091773986816
7.098321437835693		6.302041053771973
8.100622177124023		6.939873695373535
8.297048568725586		6.9922709465026855
8.057165145874023		7.625057220458984
8.902630805969238		8.221673011779785
9.178126335144043		8.251701354980469
8.005805969238281		7.571592807769775
8.842033386230469		8.162835121154785
9.12712574005127		8.198577880859375
7.260029315948486		6.500574588775635
8.124553680419922		7.0364508628845215
8.431203842163086		7.1470417976379395
7.9798583984375		7.562830924987793
8.867095947265625		8.21020793914795
9.145256042480469		8.25185489654541
7.928468704223633		7.509335041046143
8.80645751953125		8.15133285522461
9.094313621520996		8.1987943649292
7.122674465179443		6.3197550773620605
8.106172561645508		6.9435834884643555
8.323408126831055		7.019604682922363
7.639015197753906		7.2062153816223145
8.936542510986328		8.258147239685059
9.234393119812012		8.308722496032715
7.587156295776367		7.152251243591309
8.875264167785645		8.19863224029541
9.18436050415039		8.256574630737305
6.844452381134033		6.081879615783691
8.160469055175781		7.072097301483154
8.488515853881836		7.2034912109375
7.5116119384765625		7.092042922973633
8.944903373718262		8.290745735168457
9.21330451965332		8.320496559143066
7.4620256423950195		7.040351390838623
8.886725425720215		8.234331130981445
9.15886116027832		8.263940811157227
6.675020694732666		5.868407726287842
8.200183868408203		7.038417339324951
8.397172927856445		7.092418193817139
8.094925880432129		7.659902095794678
9.176403045654297		8.50011157989502
9.324604034423828		8.399110794067383
8.043861389160156		7.606734752655029
9.1162109375		8.44168472290039
9.273027420043945		8.345420837402344
7.311108112335205		6.544735908508301
8.409687042236328		7.320976734161377
8.584272384643555		7.297478199005127
8.324749946594238		7.909502029418945
9.231513023376465		8.580288887023926
9.298881530761719		8.40635871887207
8.273619651794434		7.856269359588623
9.171232223510742		8.521772384643555
9.247432708740234		8.352798461914062
7.474134922027588		6.672305107116699
8.476387023925781		7.315731048583984
8.481685638427734		7.17511510848999
8.463808059692383		8.03321361541748
9.335601806640625		8.661734580993652
9.380529403686523		8.455543518066406
8.412676811218262		7.979979515075684
9.275321006774902		8.603219985961914
9.329081535339355		8.401987075805664
7.679065227508545		6.915282249450684
8.569425582885742		7.480507850646973
8.64234733581543		7.354199409484863
8.523513793945312		8.108583450317383
9.329880714416504		8.679970741271973
9.34259033203125		8.451369285583496
8.472350120544434		8.055318832397461
9.269556999206543		8.621415138244629
9.291204452514648		8.397875785827637
7.671938419342041		6.868485927581787
8.575050354003906		7.412904739379883
8.52581787109375		7.218732833862305
8.546806335449219		8.116256713867188
9.38264274597168		8.710416793823242
9.412249565124512		8.4887056350708
8.49566650390625		8.063015937805176
9.322352409362793		8.651894569396973
9.36081600189209		8.435165405273438
7.764406681060791		6.9987101554870605
8.619577407836914		7.529561996459961
8.676342010498047		7.3877058029174805
8.585920333862305		8.17082405090332
9.368663787841797		8.720189094543457
9.373327255249023		8.483501434326172
8.53475284576416		8.117552757263184
9.308333396911621		8.661628723144531
9.32194995880127		8.430018424987793
7.735960483551025		6.931252479553223
8.61601448059082		7.4533867835998535
8.558767318725586		7.251552581787109
8.667549133300781		8.236907958984375
9.451763153076172		8.780989646911621
9.45231819152832		8.530168533325195
8.61638069152832		8.183637619018555
9.391433715820312		8.722429275512695
9.4009428024292		8.476688385009766
7.888322353363037		7.120666027069092
8.692323684692383		7.601109504699707
8.719673156738281		7.43051815032959
8.729141235351562		8.314493179321289
9.454475402832031		8.807901382446289
9.418839454650879		8.530010223388672
8.67795467376709		8.261204719543457
9.394122123718262		8.749316215515137
9.367497444152832		8.476563453674316
7.880054950714111		7.074842929840088
8.703283309936523		7.540727615356445
8.606340408325195		7.298735618591309
8.863777160644531		8.433586120605469
9.572607040405273		8.903797149658203
9.508854866027832		8.587685585021973
8.812579154968262		8.380288124084473
9.512238502502441		8.845198631286621
9.457535743713379		8.534261703491211
8.086742401123047		7.31780481338501
8.815641403198242		7.723879337310791
8.77916145324707		7.489165306091309
8.915281295776367		8.50146484375
9.571606636047363		8.927180290222168
9.471321105957031		8.58382797241211
8.86407470703125		8.448158264160156
9.511226654052734		8.868570327758789
9.42001724243164		8.53041934967041
8.06525993347168		7.258867263793945
8.820684432983398		7.6572747230529785
8.658937454223633		7.350710391998291
8.954207420349121		8.52479076385498
9.624287605285645		8.95757007598877
9.54201889038086		8.622265815734863
8.90300178527832		8.471484184265137
9.563908576965332		8.89896011352539
9.490715026855469		8.568857192993164
8.178350448608398		7.408322334289551
8.869308471679688		7.77697229385376
8.81387710571289		7.5233941078186035
8.956295013427734		8.542459487915039
9.589991569519043		8.94689655303955
9.493372917175293		8.607930183410645
8.905082702636719		8.48914623260498
9.529603958129883		8.88827896118164
9.4420804977417		8.554534912109375
8.106863021850586		7.298330307006836
8.840784072875977		7.675744533538818
8.681734085083008		7.373512268066406
8.92229175567627		8.492868423461914
9.589759826660156		8.924332618713379
9.548656463623047		8.63113784790039
8.871086120605469		8.439560890197754
9.529380798339844		8.86572265625
9.49735164642334		8.577733039855957
8.148237228393555		7.376252174377441
8.837692260742188		7.743885040283203
8.822105407714844		7.531890869140625
8.908387184143066		8.4940824508667
9.544544219970703		8.90239429473877
9.498737335205078		8.615449905395508
8.857172966003418		8.440770149230957
9.484155654907227		8.84377670288086
9.4474458694458		8.562056541442871
8.061429977416992		7.250908374786377
8.798465728759766		7.632210731506348
8.689409255981445		7.381699085235596
8.90871810913086		8.478902816772461
9.569624900817871		8.905238151550293
9.562078475952148		8.646844863891602
8.857507705688477		8.425592422485352
9.509239196777344		8.846623420715332
9.510784149169922		8.5934476852417
8.136909484863281		7.362682819366455
8.820596694946289		7.725194454193115
8.83763313293457		7.547818183898926
8.906524658203125		8.492189407348633
9.532840728759766		8.89199447631836
9.514425277709961		8.633284568786621
8.855307579040527		8.438873291015625
9.472447395324707		8.8333740234375
9.463140487670898		8.5798978805542
8.06120491027832		7.2489542961120605
8.789268493652344		7.62183952331543
8.706815719604492		7.3994317054748535
8.907051086425781		8.477910041809082
9.55351734161377		8.891082763671875
9.583446502685547		8.665678024291992
8.855834007263184		8.424592018127441
9.493124961853027		8.832462310791016
9.532163619995117		8.612292289733887
8.136735916137695		7.36135721206665
8.806772232055664		7.710703372955322
8.86043930053711		7.566216945648193
8.90323257446289		8.487213134765625
9.518670082092285		8.877086639404297
9.60052490234375		8.69334888458252
8.852012634277344		8.433894157409668
9.458271026611328		8.818458557128906
9.549247741699219		8.639970779418945
8.06218147277832		7.247707843780518
8.78187370300293		7.612509250640869
8.798171997070312		7.4639739990234375
8.865837097167969		8.413895606994629
9.50519847869873		8.798827171325684
9.88508415222168		8.932693481445312
8.814615249633789		8.360573768615723
9.444796562194824		8.740200996398926
9.833808898925781		8.879317283630371
8.10664176940918		7.274999141693115
8.764768600463867		7.581305980682373
9.167778015136719		7.804886817932129
8.393962860107422		8.011492729187012
8.947347640991211		8.377069473266602
9.70718002319336		8.656919479370117
8.342738151550293		7.958168029785156
8.886944770812988		8.318436622619629
9.655909538269043		8.60354995727539
7.338829517364502		6.7315287590026855
7.962243556976318		7.128705024719238
8.672513961791992		7.375334739685059
