0.000926935025360418
6.171862303869936e-05
0.0008592085412398585
0.00010100750654402228
0.000796430490963944
0.0001247087069633136
0.0007382393173393177
0.00013765358621588929
0.0006842998803397857
0.00014324838451944315
0.0006343015269366676
0.0001438896410888167
0.0005879563019569439
0.0001412588765055646
0.0005449972896650096
0.00013653160235994874
0.0005051770765167109
0.00013052554168150083
0.0004682663262322234
0.00012380571804795557
0.000434052458981191
0.00011675894367103633
0.00040233842707317145
0.00010964659802456388
0.0003729415801020775
0.0001026420064171594
0.00034569261300941974
9.585689544575612e-05
0.00032043459100648076
8.936010213968398e-05
0.00029702204574063483
8.319079061142948e-05
0.0002753201375008895
7.736777538940045e-05
0.00025520387863631634
7.18960860007795e-05
0.00023655741371553213
6.677157756200395e-05
0.00021927335228130932
6.198415823673565e-05
0.00020325215035745398
5.7520038405943497e-05
0.00018840153714586838
5.3363288609152646e-05
0.00017463598361197775
4.949690974722664e-05
0.0001618762098979489
4.590355974895374e-05
0.00015004872872675083
4.256603884506039e-05
0.00013908542216738523
3.946760576033716e-05
0.00012892314932375437
3.6592175976542174e-05
0.00011950338268773275
3.392443821590782e-05
0.00011077187106209161
3.144991465936817e-05
0.0009941352666137124
5.787128373556117e-06
0.0009758301602570942
2.287615868035138e-05
0.0009627746493133451
3.4189745960330684e-05
0.0009571282326840431
3.886433630173886e-05
0.0009395045403308984
5.263436865099243e-05
0.0009214987985702625
6.546347031800348e-05
0.0009045311543453501
7.64608605919656e-05
0.0008924295439776017
8.368373057355401e-05
0.0008871956826361196
8.665254427364983e-05
0.0008708596649177987
9.533667797734212e-05
0.0008541695122222563
0.00010332950474034239
0.0008384416084923171
0.0001100865354088713
0.0008272242019791773
0.00011446531903337266
0.0008223727525838737
0.00011624909808312695
0.0008072303255858414
0.00012140351937866813
0.0007917596384737174
0.00012604550097915478
0.0007771808936309286
0.00012986989392269204
0.0007667830866401852
0.00013228495584461652
0.0007622861082719113
0.00013325138213364268
0.0007482500623184618
0.00013597462510473577
0.0007339097405678317
0.00013831395770672086
0.0007203961913472487
0.00014012814151331848
0.0007107580998605849
0.00014120024140069594
0.0007065896931027409
0.000141608514312067
0.0006935791904909115
0.00014267476644517618
0.0006802866439853058
0.0001434497987668485
0.0006677604618958076
0.0001439031887858486
0.0006588265773191853
0.00014406915008537407
0.0006549627350953882
0.00014410161086067
0.0006429028445269334
0.00014405528175577898
0.0006305815175946483
0.00014378488241411911
0.0006189705606818437
0.00014333352996401204
0.0006106894301552406
0.00014289991662590264
0.0006071078994655347
0.00014268448125260078
0.000595929164495614
0.00014190728416438932
0.0005845080950031565
0.00014095494111218064
0.0005737454923627218
0.00013991802853090393
0.0005660694224280286
0.00013909921673302582
0.0005627495761873356
0.000138725286812283
0.0005523876152044902
0.00013748381614010142
0.0005418010258648515
0.0001361030973412262
0.000531824792513392
0.00013470300381029484
0.0005247095744338057
0.00013364818110284305
0.0005216322926744948
0.00013317792701784874
0.0005120274281080736
0.0001316573967764239
0.0005022143476500516
0.00013002418595300846
0.0004929670275354119
0.00012841489626618178
0.0004863716826843635
0.0001272272044446835
0.00048351924243875464
0.00012670356508012701
0.00047461615705829294
0.00012503172837414963
0.00046552006907506975
0.0001232670775837948
0.0004569484041700878
0.00012155432027362457
0.000450834948023319
0.00012030442432148815
0.0004481909212519158
0.00011975677723347864
0.00043993833957898945
0.00011802087939626377
0.00043150685703357796
0.00011620720459176992
0.00042356148060749595
0.0001144627224406777
0.0004178947039790499
0.00011319842510433267
0.0004154438629566452
0.0001126466040321598
0.000407794255954361
0.00011090539368414035
0.00040115688796886923
0.00010937218580883222
0.00039744645939792435
0.00010850635878175052
0.00039477881303109837
0.00010788009805596594
0.0003936194740921371
0.00010760696326072783
0.00038997876147681376
0.00010674548309310063
0.0003873612380303372
0.00010612265709040746
0.00038508946764508083
0.00010557979712655626
0.0003779987789844234
0.00010387203154366854
0.00037075437716609186
0.00010210702738501204
0.00036392764187743716
0.00010042596880383968
0.00035905869899697867
9.921688552286247e-05
0.0003580042585929348
9.895396387578791e-05
0.0003546929625154059
9.812586232454634e-05
0.0003523122760847666
9.752823952982138e-05
0.0003512776477641542
9.726793932866844e-05
0.0003480285682651087
9.644827045968909e-05
0.0003436652180004843
9.534225874236721e-05
0.0003373372779525689
9.372796610942389e-05
0.00033282408426019454
9.256944095287992e-05
0.0003308721597414471
9.206659245976051e-05
0.00032477977948093957
9.049035411135071e-05
0.00031855532756245767
8.886976440707443e-05
0.0003126897382936644
8.733363689573663e-05
0.0003085063009839673
8.623294644334437e-05
0.0003066969937806807
8.575563209775517e-05
0.0003010497531294025
8.426104807009668e-05
0.0002952800906324906
8.272683901425062e-05
0.00028984307049486865
8.127471669586396e-05
0.0002859652959261115
8.023542050028954e-05
0.0002842881857077485
7.978502849607141e-05
0.00027905356055144047
7.837586350669659e-05
0.00027370545829854544
7.69310230802012e-05
0.0002686656938993948
7.556496537926905e-05
0.0002650712488311627
7.458810243523027e-05
0.0002635166766283725
7.41649747696687e-05
0.0002586645192263591
7.284189309049722e-05
0.000253707175928943
7.148649084196892e-05
0.00024903564178780713
7.020602660067714e-05
0.00024570382475732976
6.929095584942246e-05
0.0002442628373331123
6.889473908111937e-05
0.00023976520268862567
6.76563514327955e-05
0.00023517006755351656
6.638853570399195e-05
0.00023083985893593227
6.519153915455465e-05
0.00022775148103229158
6.433652800574456e-05
0.000226415779317681
6.396641873508546e-05
0.00022224676423443344
6.281001449481914e-05
0.0002179873725314382
6.162670914885907e-05
0.00021397355049668348
6.051001122622326e-05
0.00021111082484625098
5.9712645841479086e-05
0.00020987271614354502
5.9367561732303274e-05
0.00020600831004162875
5.828961860878187e-05
0.00020206013068539477
5.718700731176375e-05
0.000198339578455819
5.6146819905579195e-05
0.00019568601778243677
5.5404289533617086e-05
0.00019453837146069569
5.508298772805319e-05
0.0001909563180926149
5.407952424259446e-05
0.0001872966123609187
5.3053384724908955e-05
0.00018384790218564415
5.208559288341099e-05
0.00018138822385556862
5.139488531479203e-05
0.0001803244302832214
5.109604373141957e-05
0.0001770040995536391
5.0162860819997076e-05
0.0001736117901284197
4.920879336370495e-05
0.00017041505987464277
4.830915443794356e-05
0.00016813509787937724
4.766718884819393e-05
0.00016714903035741594
4.7389461340308074e-05
0.00016407129950838766
4.652230589427171e-05
0.0001609268490852937
4.563588739557327e-05
0.00015796368784644067
4.480016474463654e-05
0.00015585031121653992
4.4203880533493237e-05
0.00015493629069306431
4.394593368249733e-05
0.00015208343417046977
4.3140607271452536e-05
0.00014916873293779678
4.231749307839926e-05
0.0001464220749997157
4.1541543892638e-05
0.00014446311217968403
4.098795869304656e-05
0.0001436158745425769
4.0748495740953825e-05
0.00014097146190945824
4.000092497018909e-05
0.0001382697232484347
3.923691420672893e-05
0.0001357237498029452
3.851674528686657e-05
0.00013390791855168063
3.8002991463337495e-05
0.00013312258431104313
3.778076727771594e-05
0.00013067138561990207
3.708704741639782e-05
0.00012816704942563117
3.637812290206589e-05
0.00012580709746537163
3.570992417649751e-05
0.00012412393987843202
3.523327039955856e-05
0.00012339598606417093
3.502710022218095e-05
0.00012112388414323681
3.4383520323621835e-05
0.00011880252720949162
3.3725870935477356e-05
0.00011661500507936121
3.310603362279089e-05
0.00011505482735882732
3.2663896168867294e-05
0.00011438006147154472
3.247266008971043e-05
0.00011227397061984432
3.187571540428699e-05
0.22756990755372092
1.028762769503506
0.001
0
0
1.1346351600878625e-05
3.978395221611119e-05
7.886080207273012e-05
0.00012410709644477617
0.00017245173514074985
0.00022180883197449013
0.00027078482153746137
0.0003184711079750075
0.00036429738180174986
0.00040792795571977853
0.00044918859734772586
0.00048801497490221364
0.0005244164134807062
0.0005584504915447611
0.0005902053068537681
0.0006197871636478646
0.0006473120871096352
0.0006729000353628259
0.0006966710087223818
0.000718742489481869
0.0007392278112365125
0.0007582351742448849
0.0007758671066406978
0.0007922202303529956
0.0008073852324280831
0.0008214469720721679
0.0008344846746995893
0.0008465721790962412
0.0008577782142784176
7.760501273158671e-08
1.2936810625539677e-06
3.035604726322406e-06
4.007431014216246e-06
7.861091018106715e-06
1.3037731111730222e-05
1.9007985062680036e-05
2.3886725448838383e-05
2.615177309022476e-05
3.3803657104852466e-05
4.250098303739334e-05
5.1471856098802874e-05
5.831047898743994e-05
6.137814933298933e-05
7.136615503547948e-05
8.21948605471156e-05
9.294921244636625e-05
0.00010093195751518358
0.00010446250959443137
0.000115775312576787
0.00012777630172543074
0.00013947566713941515
0.00014804165873870016
0.0001518017925851732
0.00016374604306389264
0.00017626355724782445
0.00018833634931832166
0.0001971042725954171
0.00020093565404391827
0.0002130418737172635
0.00022563359999120712
0.00023769590935411805
0.000246410653218829
0.0002502076192818368
0.00026216355133996803
0.0002745369638846328
0.0002863364791063433
0.0002948313608389133
0.00029852513700034944
0.0003101285686553756
0.00032209587679388836
0.00033347220367627845
0.000341642244463315
0.00034518978030762025
0.00035631517511546554
0.00036776146639690165
0.00037861807619836733
0.0003864011128709125
0.000389777192481078
0.0004003521145675164
0.0004112128533410931
0.00042149727555624444
0.0004288606276551482
0.000432052301514561
0.00044204078102470145
0.0004522859383746054
0.00046197579695177887
0.0004689068709165685
0.00047190953301114624
0.00048130035036144915
0.0004894709262222475
0.0004940471818202734
0.0004973410889128825
0.000498773562647082
0.0005032757554300319
0.0005065161048792002
0.000509330735228308
0.0005181291894718525
0.0005271385954488393
0.0005356463893186657
0.0005417244154800999
0.0005430417775312183
0.0005471811751599882
0.000550159484385351
0.0005514544129071163
0.0005555231612751405
0.0005609925232570856
0.0005689347559379437
0.0005746064747868605
0.0005770612477987275
0.0005847298664076441
0.000592574908030401
0.0005999766248105313
0.0006052607525726192
0.0006075473741214952
0.0006146891988004312
0.0006219930703531878
0.0006288822128091956
0.0006337992835735259
0.0006359267857961072
0.0006425705759417893
0.0006493635186211787
0.0006557693407212607
0.0006603406487335305
0.0006623183486018825
0.0006684935876830667
0.0006748063332290098
0.0006807583316114368
0.0006850052193931676
0.0006868424235856883
0.000692578445878498
0.0006984413967424096
0.0007039686019094306
0.0007079119909618799
0.0007096178019471497
0.0007149432212706627
0.0007203859183196168
0.0007255164382770068
0.000729176529312182
0.0007307597221240639
0.0007357020713495007
0.0007407528620027516
0.0007455136016385113
0.0007489096926838543
0.0007503786408111593
0.000754964157664698
0.0007596500029140784
0.0007640665049308503
0.0007672168908295433
0.0007685795259852633
0.0007728330396262674
0.0007771794165077776
0.000781275785687315
0.0007841977132723288
0.0007854615083021762
0.0007894063945972404
0.0007934372635190315
0.0007972361474088205
0.0007999458082498632
0.0008011177756243348
0.0008047759585579733
0.0008085137739836985
0.0008120363811075402
0.0008145489291271617
0.0008156356297163616
0.0008190276131202443
0.0008224933625447266
0.0008257595049100776
0.00082808908998487
0.0008290966484111291
0.0008322415669635876
0.0008354548276721889
0.000838482978358016
0.0008406427897218933
0.0008415769137135319
0.0008444925955330246
0.0008474716018549128
0.000850278961297729
0.000852281276472185
0.0008531472784386245
0.0008558503139757475
-0.00022623527071919243
0.0002202816885061595
5.953582213032951e-06
-0.00022206957935790584
0.0001985354389983793
2.3534140359526534e-05
-0.00021909853793940535
0.0001839254001967423
3.517313774266302e-05
-0.00021781358342908033
0.00017783140118050983
3.998218224857049e-05
-0.00021380296138956626
0.00015965468252526454
5.414827886430173e-05
-0.0002109425180297714
0.00014744869646272284
6.349382156704856e-05
-0.00020970539640170855
0.00014235901537624536
6.734638102546318e-05
-0.00020584407117408358
0.00012718398447309618
7.866008670098742e-05
-0.00020309010882147395
0.00011699940239448111
8.609070642699284e-05
-0.00020189903947985668
0.00011275412804862007
8.914491143123661e-05
-0.00019818145343794194
0.0001001026285669747
9.807882487096724e-05
-0.00019553000829968374
9.161724612709006e-05
0.00010391276217259366
-0.00019438327693199932
8.808172946418147e-05
0.00010630154746781785
-0.00019080407933419957
7.755115028221701e-05
0.00011325292905198257
-0.00018825133517103728
7.049367655046233e-05
0.00011775765862057497
-0.00018714729128065737
6.75545471846771e-05
0.00011959274409598027
-0.00018370133056860958
5.880590974544594e-05
0.00012489542082316365
-0.00018124361320213226
5.2947938445662596e-05
0.00012829567475646967
-0.00018018066773274431
5.0509749062282864e-05
0.00012967091867046145
-0.00017686298411665223
4.325767236992863e-05
0.0001336053117467236
-0.0001744967561410287
3.8406918602983154e-05
0.00013608983753804555
-0.00017347337918949865
3.638931826583309e-05
0.00013708406092366557
-0.00017027919750948036
3.0393565604839584e-05
0.00013988563190464078
-0.0001680010532000522
2.6388168612809762e-05
0.00014161288458724246
-0.00016701577181442673
2.4723521623373842e-05
0.00014229225019105288
-0.00016394049466760154
1.9781879719279752e-05
0.00014415861494832178
-0.00016174715507900496
1.6485603681355978e-05
0.00014526155139764897
-0.00016079855113848365
1.5116983769817268e-05
0.0001456815673686664
-0.00015783775226190544
1.1059264395785619e-05
0.0001467784878661198
-0.0001557260605086676
8.357455723822057e-06
0.00014736860478484554
-0.00015481276868249425
7.236956418667973e-06
0.0001475758122638263
-0.00015196218658240714
3.919943546960628e-06
0.0001480422430354465
-0.0001499291032952242
1.7161254536410672e-06
0.00014821297784158312
-0.00014904980907755872
8.034367988790461e-07
0.0001482463722786797
-0.00014630534089580646
-1.8933697246262693e-06
0.00014819871062043272
-0.00014434793984696262
-3.6803658221905687e-06
0.00014802830566915318
-0.00014350137766490592
-4.41915617993895e-06
0.00014792053384484488
-0.0001408590732736658
-6.597125974594662e-06
0.00014745619924826046
-0.00013897453716529826
-8.035576824362486e-06
0.00014701011398966075
-0.00013815948855734608
-8.628993541030825e-06
0.0001467884820983769
-0.0001356155448736889
-1.0373385795779795e-05
0.0001459889306694687
-0.00013380116128283573
-1.1520711727780627e-05
0.00014532187301061637
-0.0001330164531451407
-1.1992742448431126e-05
0.00014500919559357184
-0.00013056720865723312
-1.3375249877501852e-05
0.00014394245853473496
-0.00012882036613182842
-1.4279729310026841e-05
0.00014310009544185525
-0.00012806486902974525
-1.4650541231249656e-05
0.0001427154102609949
-0.00012570679852681583
-1.5731432927218552e-05
0.0001414382314540344
-0.00012402498282701254
-1.6433646541399987e-05
0.00014045862936841252
-0.0001232976093694967
-1.6720189989111936e-05
0.00014001779935860861
-0.00012102731886798118
-1.7550116392192708e-05
0.00013857743526017388
-0.0001194081093473923
-1.8084163582935577e-05
0.00013749227293032788
-0.0001187078126219122
-1.8300680413569763e-05
0.00013700849303548195
-0.00011652203448047476
-1.8922193652735008e-05
0.00013544422813320978
-0.00011496310060212402
-1.9316717148963118e-05
0.00013427981775108715
-0.00011428887266783421
-1.947516897550573e-05
0.00013376404164333993
-0.00011218446088423371
-1.9924003443962496e-05
0.00013210846432819623
-0.00011068355886620097
-2.0203052334400834e-05
0.0001308866112006018
-0.00011003442930320744
-2.031348121449509e-05
0.00013034791051770253
-0.0001080083549862394
-2.061963217167336e-05
0.00012862798715791276
-0.00010656332457217338
-2.0803388807130586e-05
0.00012736671337930397
-0.00010593835908480299
-2.0874221038827084e-05
0.00012681258012363006
-0.00010398770609480013
-2.106285307494059e-05
0.00012505055916974073
-0.00010259646744464979
-2.116824530378602e-05
0.00012376471274843582
-0.00010199476651671349
-2.1206547296753795e-05
0.0001232013138134673
-0.00010011672726833041
-2.1298759478556852e-05
0.00012141548674688726
-9.877727796481998e-05
-2.1339976290452744e-05
0.00012011725425527272
-9.819797556493426e-05
-2.135167006711155e-05
0.00011954964563204581
-9.638984698617457e-05
-2.1365140356772005e-05
0.00011775498734294658
-9.510025915271363e-05
-2.135406616102425e-05
0.00011645432531373788
-9.454252148781699e-05
-2.1344110851444334e-05
0.00011588663233926132
-9.280170112948725e-05
-2.1293638829864765e-05
0.00011409533995935202
-9.15601186553675e-05
-2.1240219195004863e-05
0.00011280033785037236
-9.129123591063062e-05
-2.1226796868701155e-05
0.00011251803277933178
-9.044685402375685e-05
-2.118044814528687e-05
0.00011162730216904371
-8.983977798667278e-05
-2.1143250463684004e-05
0.00011098302845035678
-8.957594733151015e-05
-2.1126090210450787e-05
0.00011070203754196094
-8.874743069821198e-05
-2.106834812063184e-05
0.00010981577881884383
-8.815176112947802e-05
-2.1023277485918796e-05
0.00010917503861539683
-8.763477455292226e-05
-2.0981789942612534e-05
0.0001086165644955348
-8.602114718992496e-05
-2.083853165490195e-05
0.00010685967884482691
-8.487028090778899e-05
-2.0723993881336024e-05
0.00010559427478912503
-8.43725393378456e-05
-2.067136894054315e-05
0.00010504390827838874
-8.281897981931269e-05
-2.0495517977417566e-05
0.00010331449779673025
-8.171095493812216e-05
-2.0359682993913836e-05
0.00010207063793203599
-8.147099603285291e-05
-2.0329157897377137e-05
0.00010180015393023005
-8.071744469060638e-05
-2.023078919434109e-05
0.00010094823388494747
-8.017567209967113e-05
-2.01577497038587e-05
0.00010033342180352982
-7.994022182839678e-05
-2.01254128192935e-05
0.00010006563464769027
-7.920082910716383e-05
-2.0021560724802195e-05
9.922238983196603e-05
-7.86692359855767e-05
-1.9944769249242414e-05
9.861400523481912e-05
-7.820786189081801e-05
-1.987670426373627e-05
9.808456615455427e-05
-7.676781315910706e-05
-1.965602883559653e-05
9.642384199470358e-05
-7.574074608776022e-05
-1.949124835836137e-05
9.52319944461216e-05
-7.529654680547645e-05
-1.941813583222451e-05
9.471468263770097e-05
-7.39101043928087e-05
-1.9183002916189353e-05
9.309310730899806e-05
-7.292127025337103e-05
-1.900907590702171e-05
9.193034616039276e-05
-7.249360644514487e-05
-1.8932298511457836e-05
9.142590495660271e-05
-7.1158774837495e-05
-1.8686819326237735e-05
8.984559416373275e-05
-7.020675039566848e-05
-1.8506494409898237e-05
8.871324480556672e-05
-6.979500652267936e-05
-1.842719505479658e-05
8.822220157747594e-05
-6.850986448973138e-05
-1.817476468419897e-05
8.668462917393035e-05
-6.759327949161376e-05
-1.7990308655059182e-05
8.558358814667295e-05
-6.71968629286896e-05
-1.7909429087955255e-05
8.510629201664485e-05
-6.595956075859979e-05
-1.7652841880127484e-05
8.361240263872728e-05
-6.507709595847092e-05
-1.7466117447765355e-05
8.254321340623628e-05
-6.469543614111947e-05
-1.7384430739496244e-05
8.207986688061571e-05
-6.350419297821619e-05
-1.7125977425246307e-05
8.06301704034625e-05
-6.265457823974045e-05
-1.693850864027128e-05
7.959308688001172e-05
-6.228712584293279e-05
-1.6856646521881085e-05
7.914377236481387e-05
-6.114022712452126e-05
-1.6598195936583147e-05
7.773842306110441e-05
-6.032223959263356e-05
-1.6411223240738337e-05
7.67334628333719e-05
-5.9968465740157594e-05
-1.6329699104138545e-05
7.629816484429614e-05
-5.8864260728740685e-05
-1.6072766943014462e-05
7.493702767175515e-05
-5.807672306958455e-05
-1.5887293481138506e-05
7.396401655072306e-05
-5.773611857283066e-05
-1.5806521727940026e-05
7.354264030077069e-05
-5.667301798019339e-05
-1.5552328381458306e-05
7.22253463616517e-05
-5.5914796686578064e-05
-1.5369158954722965e-05
7.128395564130103e-05
-5.558687131166121e-05
-1.5289471269757345e-05
7.087634258141855e-05
-5.4563345011399745e-05
-1.5038990463212497e-05
6.960233547461224e-05
-5.383334877133713e-05
-1.4858764285576834e-05
6.869211305691397e-05
-5.351763053350052e-05
-1.4780423320729936e-05
6.829805385423046e-05
-5.2532205358703056e-05
-1.4534423010244186e-05
6.706662836894723e-05
-5.182938348467654e-05
-1.4357641246865882e-05
6.618702473154241e-05
-5.1525417968961476e-05
-1.4280852124279338e-05
6.580627009324081e-05
-5.057667559187103e-05
-1.4039928872489644e-05
6.461660446436068e-05
-4.9900016508575235e-05
-1.386697778450891e-05
6.376699429308414e-05
-4.9607366215779254e-05
-1.3791897763705e-05
6.339926397948426e-05
-4.8693941106387105e-05
-1.355650562550913e-05
6.225044673189624e-05
-4.8042470894762154e-05
-1.338767601561953e-05
6.143014691038169e-05
-4.776071461174398e-05
-1.331442261477081e-05
6.10751372265148e-05
-4.688129207237475e-05
-1.3084897401020311e-05
5.996618947339506e-05
-4.625407306783932e-05
-1.2920400944729627e-05
5.917447401256895e-05
-4.598280526126461e-05
-1.284905876052559e-05
5.8831864021790204e-05
-4.513611953432499e-05
-1.262563841067734e-05
5.7761757945002325e-05
-4.45322489771906e-05
-1.2465621365912345e-05
5.699787034310295e-05
-4.4271079209845595e-05
-1.2396247797919307e-05
5.6667327007764906e-05
-4.345591165601253e-05
-1.2179089477357257e-05
5.5635001133369784e-05
-4.287452039213672e-05
-1.2023644187357073e-05
5.489816457949379e-05
-4.262307276096985e-05
-1.1956274240289803e-05
5.4579347001259656e-05
-4.183825010519649e-05
-1.174546868090169e-05
5.3583718786098186e-05
-4.1278501335004537e-05
-1.1594643219884757e-05
5.287314455488929e-05
-4.1036413930087145e-05
-1.1529293529849326e-05
5.2565707459936474e-05
-4.028080657290166e-05
-1.1324877050627189e-05
5.160568362352886e-05
-3.9741894646976454e-05
-1.117868330657573e-05
5.0920577953552184e-05
-3.950881903060389e-05
-1.1115355514297384e-05
5.062417454490128e-05
-3.8781339422270957e-05
-1.091732008981146e-05
4.9698659512082415e-05
-3.826248868177747e-05
-1.0775740532268543e-05
4.903822921404601e-05
-3.8038089386960863e-05
-1.0714424106905349e-05
4.875251349386621e-05
-3.733769046216545e-05
-1.0522725793446799e-05
4.786041625561225e-05
-3.6838154122440805e-05
-1.0385719135094787e-05
4.72238732575356e-05
-3.6622108170067565e-05
-1.0326393735884932e-05
4.6948501905952494e-05
-3.5947781840868136e-05
-1.0140959716170197e-05
4.608874155703833e-05
-3.5466840916570436e-05
-1.0008465644001108e-05
4.5475306560571546e-05
-3.52588373505387e-05
-9.951103093217665e-06
4.5209940443756365e-05
-3.4609613055420915e-05
-9.77183755935489e-06
4.438145061477581e-05
-3.414657532568971e-05
-9.643780683481759e-06
4.3790356009171476e-05
-3.394631476534758e-05
-9.588346612565263e-06
4.353466137791284e-05
-3.3321258072289824e-05
-9.415135672285378e-06
4.2736393744575205e-05
-3.2875457084429e-05
-9.291428817058396e-06
4.21668859014874e-05
-3.268265129367429e-05
-9.237884038024715e-06
4.1920535331699005e-05
-3.2080862555214616e-05
-9.070599799952596e-06
4.115146235516721e-05
-3.165165666546336e-05
-8.951146742347135e-06
4.0602803407810496e-05
-3.146602813788391e-05
-8.899448388335497e-06
4.036547652621941e-05
-3.0886641196252664e-05
-8.737952357458704e-06
3.962459355371137e-05
-3.0473412646264168e-05
-8.622650101110324e-06
3.909606274737449e-05
-3.029469420572131e-05
-8.572752573002446e-06
3.886744677872376e-05
-2.973687514617556e-05
-8.416898466758807e-06
3.8153773612934366e-05
-2.933902917387412e-05
-8.305639126046013e-06
3.764466829992013e-05
-2.916696358995464e-05
-8.257494876246463e-06
3.74244584662011e-05
-2.8629909540520187e-05
-8.107130954186225e-06
3.673704049470641e-05
-2.8246873524056952e-05
-7.999803310991227e-06
3.624667683504818e-05
-2.808121314183998e-05
-7.95336349054009e-06
3.603457663238007e-05
-2.7564151117733425e-05
-7.808334475807864e-06
3.537248559354129e-05
-2.7195373751308666e-05
-7.704825261670983e-06
3.490019901297965e-05
-2.7035880134914624e-05
-7.660040252716487e-06
3.469592038763111e-05
-2.6538065925982212e-05
-7.52018891120757e-06
3.405825483718978e-05
-2.6183016426347936e-05
-7.420383859241885e-06
3.360340028558982e-05
-2.602946001575645e-05
-7.377203711410825e-06
3.3406663727167274e-05
-2.5550177115328373e-05
-7.242372144021828e-06
3.27925492593502e-05
-2.520834445782913e-05
-7.146156847921394e-06
3.235450130575052e-05
