	0.000927
	0.000062
	0.000859
	0.000101
	0.000796
	0.000125
	0.000738
	0.000138
	0.000684
	0.000143
	0.000634
	0.000144
	0.000588
	0.000141
	0.000545
	0.000137
	0.000505
	0.000131
	0.000468
	0.000124
	0.000434
	0.000117
	0.000402
	0.000110
	0.000373
	0.000103
	0.000346
	0.000096
	0.000320
	0.000089
	0.000297
	0.000083
	0.000275
	0.000077
	0.000255
	0.000072
	0.000237
	0.000067
	0.000219
	0.000062
	0.000203
	0.000058
	0.000188
	0.000053
	0.000175
	0.000049
	0.000162
	0.000046
	0.000150
	0.000043
	0.000139
	0.000039
	0.000129
	0.000037
	0.000120
	0.000034
	0.000111
	0.000031
	0.000994
	0.000006
	0.000976
	0.000023
	0.000963
	0.000034
	0.000957
	0.000039
	0.000940
	0.000053
	0.000921
	0.000065
	0.000905
	0.000076
	0.000892
	0.000084
	0.000887
	0.000087
	0.000871
	0.000095
	0.000854
	0.000103
	0.000838
	0.000110
	0.000827
	0.000114
	0.000822
	0.000116
	0.000807
	0.000121
	0.000792
	0.000126
	0.000777
	0.000130
	0.000767
	0.000132
	0.000762
	0.000133
	0.000748
	0.000136
	0.000734
	0.000138
	0.000720
	0.000140
	0.000711
	0.000141
	0.000707
	0.000142
	0.000694
	0.000143
	0.000680
	0.000143
	0.000668
	0.000144
	0.000659
	0.000144
	0.000655
	0.000144
	0.000643
	0.000144
	0.000631
	0.000144
	0.000619
	0.000143
	0.000611
	0.000143
	0.000607
	0.000143
	0.000596
	0.000142
	0.000585
	0.000141
	0.000574
	0.000140
	0.000566
	0.000139
	0.000563
	0.000139
	0.000552
	0.000137
	0.000542
	0.000136
	0.000532
	0.000135
	0.000525
	0.000134
	0.000522
	0.000133
	0.000512
	0.000132
	0.000502
	0.000130
	0.000493
	0.000128
	0.000486
	0.000127
	0.000484
	0.000127
	0.000475
	0.000125
	0.000466
	0.000123
	0.000457
	0.000122
	0.000451
	0.000120
	0.000448
	0.000120
	0.000440
	0.000118
	0.000432
	0.000116
	0.000424
	0.000114
	0.000418
	0.000113
	0.000415
	0.000113
	0.000408
	0.000111
	0.000401
	0.000109
	0.000397
	0.000109
	0.000395
	0.000108
	0.000394
	0.000108
	0.000390
	0.000107
	0.000387
	0.000106
	0.000385
	0.000106
	0.000378
	0.000104
	0.000371
	0.000102
	0.000364
	0.000100
	0.000359
	0.000099
	0.000358
	0.000099
	0.000355
	0.000098
	0.000352
	0.000098
	0.000351
	0.000097
	0.000348
	0.000096
	0.000344
	0.000095
	0.000337
	0.000094
	0.000333
	0.000093
	0.000331
	0.000092
	0.000325
	0.000090
	0.000319
	0.000089
	0.000313
	0.000087
	0.000309
	0.000086
	0.000307
	0.000086
	0.000301
	0.000084
	0.000295
	0.000083
	0.000290
	0.000081
	0.000286
	0.000080
	0.000284
	0.000080
	0.000279
	0.000078
	0.000274
	0.000077
	0.000269
	0.000076
	0.000265
	0.000075
	0.000264
	0.000074
	0.000259
	0.000073
	0.000254
	0.000071
	0.000249
	0.000070
	0.000246
	0.000069
	0.000244
	0.000069
	0.000240
	0.000068
	0.000235
	0.000066
	0.000231
	0.000065
	0.000228
	0.000064
	0.000226
	0.000064
	0.000222
	0.000063
	0.000218
	0.000062
	0.000214
	0.000061
	0.000211
	0.000060
	0.000210
	0.000059
	0.000206
	0.000058
	0.000202
	0.000057
	0.000198
	0.000056
	0.000196
	0.000055
	0.000195
	0.000055
	0.000191
	0.000054
	0.000187
	0.000053
	0.000184
	0.000052
	0.000181
	0.000051
	0.000180
	0.000051
	0.000177
	0.000050
	0.000174
	0.000049
	0.000170
	0.000048
	0.000168
	0.000048
	0.000167
	0.000047
	0.000164
	0.000047
	0.000161
	0.000046
	0.000158
	0.000045
	0.000156
	0.000044
	0.000155
	0.000044
	0.000152
	0.000043
	0.000149
	0.000042
	0.000146
	0.000042
	0.000144
	0.000041
	0.000144
	0.000041
	0.000141
	0.000040
	0.000138
	0.000039
	0.000136
	0.000039
	0.000134
	0.000038
	0.000133
	0.000038
	0.000131
	0.000037
	0.000128
	0.000036
	0.000126
	0.000036
	0.000124
	0.000035
	0.000123
	0.000035
	0.000121
	0.000034
	0.000119
	0.000034
	0.000117
	0.000033
	0.000115
	0.000033
	0.000114
	0.000032
	0.000112
	0.000032
	0.227570
	1.028763
	0.001000
	0.000000
	0.000000
	0.000011
	0.000040
	0.000079
	0.000124
	0.000172
	0.000222
	0.000271
	0.000318
	0.000364
	0.000408
	0.000449
	0.000488
	0.000524
	0.000558
	0.000590
	0.000620
	0.000647
	0.000673
	0.000697
	0.000719
	0.000739
	0.000758
	0.000776
	0.000792
	0.000807
	0.000821
	0.000834
	0.000847
	0.000858
	0.000000
	0.000001
	0.000003
	0.000004
	0.000008
	0.000013
	0.000019
	0.000024
	0.000026
	0.000034
	0.000043
	0.000051
	0.000058
	0.000061
	0.000071
	0.000082
	0.000093
	0.000101
	0.000104
	0.000116
	0.000128
	0.000139
	0.000148
	0.000152
	0.000164
	0.000176
	0.000188
	0.000197
	0.000201
	0.000213
	0.000226
	0.000238
	0.000246
	0.000250
	0.000262
	0.000275
	0.000286
	0.000295
	0.000299
	0.000310
	0.000322
	0.000333
	0.000342
	0.000345
	0.000356
	0.000368
	0.000379
	0.000386
	0.000390
	0.000400
	0.000411
	0.000421
	0.000429
	0.000432
	0.000442
	0.000452
	0.000462
	0.000469
	0.000472
	0.000481
	0.000489
	0.000494
	0.000497
	0.000499
	0.000503
	0.000507
	0.000509
	0.000518
	0.000527
	0.000536
	0.000542
	0.000543
	0.000547
	0.000550
	0.000551
	0.000556
	0.000561
	0.000569
	0.000575
	0.000577
	0.000585
	0.000593
	0.000600
	0.000605
	0.000608
	0.000615
	0.000622
	0.000629
	0.000634
	0.000636
	0.000643
	0.000649
	0.000656
	0.000660
	0.000662
	0.000668
	0.000675
	0.000681
	0.000685
	0.000687
	0.000693
	0.000698
	0.000704
	0.000708
	0.000710
	0.000715
	0.000720
	0.000726
	0.000729
	0.000731
	0.000736
	0.000741
	0.000746
	0.000749
	0.000750
	0.000755
	0.000760
	0.000764
	0.000767
	0.000769
	0.000773
	0.000777
	0.000781
	0.000784
	0.000785
	0.000789
	0.000793
	0.000797
	0.000800
	0.000801
	0.000805
	0.000809
	0.000812
	0.000815
	0.000816
	0.000819
	0.000822
	0.000826
	0.000828
	0.000829
	0.000832
	0.000835
	0.000838
	0.000841
	0.000842
	0.000844
	0.000847
	0.000850
	0.000852
	0.000853
	0.000856
	-0.000226
	0.000220
	0.000006
	-0.000222
	0.000199
	0.000024
	-0.000219
	0.000184
	0.000035
	-0.000218
	0.000178
	0.000040
	-0.000214
	0.000160
	0.000054
	-0.000211
	0.000147
	0.000063
	-0.000210
	0.000142
	0.000067
	-0.000206
	0.000127
	0.000079
	-0.000203
	0.000117
	0.000086
	-0.000202
	0.000113
	0.000089
	-0.000198
	0.000100
	0.000098
	-0.000196
	0.000092
	0.000104
	-0.000194
	0.000088
	0.000106
	-0.000191
	0.000078
	0.000113
	-0.000188
	0.000070
	0.000118
	-0.000187
	0.000068
	0.000120
	-0.000184
	0.000059
	0.000125
	-0.000181
	0.000053
	0.000128
	-0.000180
	0.000051
	0.000130
	-0.000177
	0.000043
	0.000134
	-0.000174
	0.000038
	0.000136
	-0.000173
	0.000036
	0.000137
	-0.000170
	0.000030
	0.000140
	-0.000168
	0.000026
	0.000142
	-0.000167
	0.000025
	0.000142
	-0.000164
	0.000020
	0.000144
	-0.000162
	0.000016
	0.000145
	-0.000161
	0.000015
	0.000146
	-0.000158
	0.000011
	0.000147
	-0.000156
	0.000008
	0.000147
	-0.000155
	0.000007
	0.000148
	-0.000152
	0.000004
	0.000148
	-0.000150
	0.000002
	0.000148
	-0.000149
	0.000001
	0.000148
	-0.000146
	-0.000002
	0.000148
	-0.000144
	-0.000004
	0.000148
	-0.000144
	-0.000004
	0.000148
	-0.000141
	-0.000007
	0.000147
	-0.000139
	-0.000008
	0.000147
	-0.000138
	-0.000009
	0.000147
	-0.000136
	-0.000010
	0.000146
	-0.000134
	-0.000012
	0.000145
	-0.000133
	-0.000012
	0.000145
	-0.000131
	-0.000013
	0.000144
	-0.000129
	-0.000014
	0.000143
	-0.000128
	-0.000015
	0.000143
	-0.000126
	-0.000016
	0.000141
	-0.000124
	-0.000016
	0.000140
	-0.000123
	-0.000017
	0.000140
	-0.000121
	-0.000018
	0.000139
	-0.000119
	-0.000018
	0.000137
	-0.000119
	-0.000018
	0.000137
	-0.000117
	-0.000019
	0.000135
	-0.000115
	-0.000019
	0.000134
	-0.000114
	-0.000019
	0.000134
	-0.000112
	-0.000020
	0.000132
	-0.000111
	-0.000020
	0.000131
	-0.000110
	-0.000020
	0.000130
	-0.000108
	-0.000021
	0.000129
	-0.000107
	-0.000021
	0.000127
	-0.000106
	-0.000021
	0.000127
	-0.000104
	-0.000021
	0.000125
	-0.000103
	-0.000021
	0.000124
	-0.000102
	-0.000021
	0.000123
	-0.000100
	-0.000021
	0.000121
	-0.000099
	-0.000021
	0.000120
	-0.000098
	-0.000021
	0.000120
	-0.000096
	-0.000021
	0.000118
	-0.000095
	-0.000021
	0.000116
	-0.000095
	-0.000021
	0.000116
	-0.000093
	-0.000021
	0.000114
	-0.000092
	-0.000021
	0.000113
	-0.000091
	-0.000021
	0.000113
	-0.000090
	-0.000021
	0.000112
	-0.000090
	-0.000021
	0.000111
	-0.000090
	-0.000021
	0.000111
	-0.000089
	-0.000021
	0.000110
	-0.000088
	-0.000021
	0.000109
	-0.000088
	-0.000021
	0.000109
	-0.000086
	-0.000021
	0.000107
	-0.000085
	-0.000021
	0.000106
	-0.000084
	-0.000021
	0.000105
	-0.000083
	-0.000020
	0.000103
	-0.000082
	-0.000020
	0.000102
	-0.000081
	-0.000020
	0.000102
	-0.000081
	-0.000020
	0.000101
	-0.000080
	-0.000020
	0.000100
	-0.000080
	-0.000020
	0.000100
	-0.000079
	-0.000020
	0.000099
	-0.000079
	-0.000020
	0.000099
	-0.000078
	-0.000020
	0.000098
	-0.000077
	-0.000020
	0.000096
	-0.000076
	-0.000019
	0.000095
	-0.000075
	-0.000019
	0.000095
	-0.000074
	-0.000019
	0.000093
	-0.000073
	-0.000019
	0.000092
	-0.000072
	-0.000019
	0.000091
	-0.000071
	-0.000019
	0.000090
	-0.000070
	-0.000019
	0.000089
	-0.000070
	-0.000018
	0.000088
	-0.000069
	-0.000018
	0.000087
	-0.000068
	-0.000018
	0.000086
	-0.000067
	-0.000018
	0.000085
	-0.000066
	-0.000018
	0.000084
	-0.000065
	-0.000017
	0.000083
	-0.000065
	-0.000017
	0.000082
	-0.000064
	-0.000017
	0.000081
	-0.000063
	-0.000017
	0.000080
	-0.000062
	-0.000017
	0.000079
	-0.000061
	-0.000017
	0.000078
	-0.000060
	-0.000016
	0.000077
	-0.000060
	-0.000016
	0.000076
	-0.000059
	-0.000016
	0.000075
	-0.000058
	-0.000016
	0.000074
	-0.000058
	-0.000016
	0.000074
	-0.000057
	-0.000016
	0.000072
	-0.000056
	-0.000015
	0.000071
	-0.000056
	-0.000015
	0.000071
	-0.000055
	-0.000015
	0.000070
	-0.000054
	-0.000015
	0.000069
	-0.000054
	-0.000015
	0.000068
	-0.000053
	-0.000015
	0.000067
	-0.000052
	-0.000014
	0.000066
	-0.000052
	-0.000014
	0.000066
	-0.000051
	-0.000014
	0.000065
	-0.000050
	-0.000014
	0.000064
	-0.000050
	-0.000014
	0.000063
	-0.000049
	-0.000014
	0.000062
	-0.000048
	-0.000013
	0.000061
	-0.000048
	-0.000013
	0.000061
	-0.000047
	-0.000013
	0.000060
	-0.000046
	-0.000013
	0.000059
	-0.000046
	-0.000013
	0.000059
	-0.000045
	-0.000013
	0.000058
	-0.000045
	-0.000012
	0.000057
	-0.000044
	-0.000012
	0.000057
	-0.000043
	-0.000012
	0.000056
	-0.000043
	-0.000012
	0.000055
	-0.000043
	-0.000012
	0.000055
	-0.000042
	-0.000012
	0.000054
	-0.000041
	-0.000012
	0.000053
	-0.000041
	-0.000012
	0.000053
	-0.000040
	-0.000011
	0.000052
	-0.000040
	-0.000011
	0.000051
	-0.000040
	-0.000011
	0.000051
	-0.000039
	-0.000011
	0.000050
	-0.000038
	-0.000011
	0.000049
	-0.000038
	-0.000011
	0.000049
	-0.000037
	-0.000011
	0.000048
	-0.000037
	-0.000010
	0.000047
	-0.000037
	-0.000010
	0.000047
	-0.000036
	-0.000010
	0.000046
	-0.000035
	-0.000010
	0.000045
	-0.000035
	-0.000010
	0.000045
	-0.000035
	-0.000010
	0.000044
	-0.000034
	-0.000010
	0.000044
	-0.000034
	-0.000010
	0.000044
	-0.000033
	-0.000009
	0.000043
	-0.000033
	-0.000009
	0.000042
	-0.000033
	-0.000009
	0.000042
	-0.000032
	-0.000009
	0.000041
	-0.000032
	-0.000009
	0.000041
	-0.000031
	-0.000009
	0.000040
	-0.000031
	-0.000009
	0.000040
	-0.000030
	-0.000009
	0.000039
	-0.000030
	-0.000009
	0.000039
	-0.000030
	-0.000008
	0.000038
	-0.000029
	-0.000008
	0.000038
	-0.000029
	-0.000008
	0.000037
	-0.000029
	-0.000008
	0.000037
	-0.000028
	-0.000008
	0.000036
	-0.000028
	-0.000008
	0.000036
	-0.000028
	-0.000008
	0.000035
	-0.000027
	-0.000008
	0.000035
	-0.000027
	-0.000008
	0.000035
	-0.000027
	-0.000008
	0.000034
	-0.000026
	-0.000007
	0.000034
	-0.000026
	-0.000007
	0.000033
	-0.000026
	-0.000007
	0.000033
	-0.000025
	-0.000007
	0.000032
	-59117.922318
	-445101.676571
	1844.981503
	-70132.096414
	-659389.102934
	2512.006313
	-13417.009669
	-151954.207049
	544.623477
	-42633.936759
	-528715.523623
	1844.981503
	-45038.327178
	-783216.179639
	2512.006313
	-7528.223116
	-180483.369670
	544.623477
	-22045.025622
	-380560.394597
	1815.933073
	-20429.950196
	-563803.879043
	2472.455868
	-2784.145436
	-129931.294044
	536.048618
	-6848.476901
	-452094.559135
	1815.933073
	2555.989671
	-669741.672741
	2472.455868
	2587.348425
	-154338.851943
	536.048618
	-5763.327625
	-201560.219662
	1696.993365
	-2618.465937
	-298701.187824
	2310.515330
	328.139990
	-68850.709362
	500.938587
	2516.556232
	-239585.154441
	1696.993365
	9880.144713
	-355013.828391
	2310.515330
	3244.986650
	-81824.870774
	500.938587
	654.542795
	-33936.861471
	1570.431678
	1814.451381
	-50445.967590
	2138.197203
	551.463802
	-11651.559925
	463.578610
	2115.944891
	-40579.491694
	1570.431678
	4018.626260
	-60283.303285
	2138.197203
	1065.577115
	-13918.034732
	463.578610
	-2867.526128
	82414.707910
	1482.307213
	-6173.077900
	121874.228673
	2018.212688
	-1724.928268
	28051.814328
	437.564988
	-6447.426951
	97555.372351
	1482.307213
	-11542.337476
	144296.641744
	2018.212688
	-2972.622644
	33217.830403
	437.564988
	-13608.837596
	159568.588669
	1406.195641
	-23129.178874
	236143.572087
	1914.584142
	-5796.583275
	54380.329194
	415.097473
	-20856.745209
	189157.278730
	1406.195641
	-33971.441205
	279962.641809
	1914.584142
	-8311.667228
	64476.032002
	415.097473
	-29870.921426
	197661.128205
	1361.733426
	-46701.557882
	292561.640250
	1854.047294
	-11147.190991
	67379.603132
	401.972590
	-39353.548135
	234384.408879
	1361.733426
	-60833.760540
	346946.609406
	1854.047294
	-14417.186269
	79909.638327
	401.972590
	-44716.775061
	211751.028565
	1291.043294
	-67669.612298
	313436.375705
	1757.800227
	-15818.015008
	72190.349444
	381.105440
	-55367.619943
	251123.442925
	1291.043294
	-83492.850740
	371744.552459
	1757.800227
	-19471.476571
	85624.272791
	381.105440
	-62223.000714
	188061.117909
	1272.136891
	-91320.497129
	278355.300891
	1732.058504
	-20909.155008
	64108.188369
	375.524424
	-72552.132477
	223005.210246
	1272.136891
	-106579.431419
	330105.399167
	1732.058504
	-24418.778663
	76031.161992
	375.524424
	-79235.174920
	185016.183873
	1231.494049
	-114836.536113
	273850.789754
	1676.721865
	-26063.136587
	63071.122539
	363.526989
	-90093.858815
	219398.239690
	1231.494049
	-130815.014853
	324768.545760
	1676.721865
	-29728.361398
	74802.328508
	363.526989
	-93670.422901
	156944.859243
	1199.541337
	-134110.943783
	232282.662256
	1633.217139
	-30172.938051
	53494.617087
	354.094810
	-103904.001836
	186081.367940
	1199.541337
	-149082.502827
	275432.078586
	1633.217139
	-33593.400996
	63436.034976
	354.094810
	-103428.914688
	121651.311744
	1163.094372
	-146705.789311
	180019.393867
	1583.593332
	-32782.575648
	41454.085780
	343.335963
	-112552.125423
	144191.995732
	1163.094372
	-159961.331970
	213400.790651
	1583.593332
	-35796.406703
	49144.998968
	343.335963
	-56089.946160
	36632.835727
	563.723278
	-77556.836176
	51984.095140
	767.528796
	-17005.843570
	11613.679530
	166.406509
	-57895.872849
	39862.141334
	563.723278
	-80080.551130
	56569.568240
	767.528796
	-17563.519955
	12638.565934
	166.406509
	-120210.937628
	87905.803115
	1127.446555
	-169084.076134
	130048.582480
	1535.057593
	-37549.036581
	29941.710750
	332.813018
	-118995.075657
	34791.489031
	1079.471141
	-165981.554206
	51395.207553
	1469.737402
	-36629.402040
	11821.239151
	318.651068
	-62285.943695
	20285.194507
	539.735570
	-85859.413384
	28772.559094
	734.868701
	-18783.566095
	6425.952130
	159.325534
	-63883.728007
	22053.026231
	539.735570
	-88078.114349
	31282.803030
	734.868701
	-19271.580914
	6987.009806
	159.325534
	-124308.618196
	10065.002582
	1014.406259
	-172692.679262
	14784.537917
	1381.149309
	-37993.445210
	3387.520685
	299.444446
	-129535.718913
	11758.169234
	1014.406259
	-179988.205585
	17292.015857
	1381.149309
	-39604.204879
	3965.231536
	299.444446
	-125174.096612
	-52721.803778
	965.249655
	-172219.256742
	-78193.075067
	1314.220887
	-37608.229748
	-18033.164584
	284.933818
	-127788.046238
	-62765.465572
	965.249655
	-175577.228431
	-93067.133890
	1314.220887
	-38301.154033
	-21460.076163
	284.933818
	-125732.946042
	-74808.682290
	894.308027
	-172405.643490
	-110893.942450
	1217.631399
	-37550.300415
	-25565.974710
	263.992428
	-127437.675736
	-88971.039562
	894.308027
	-174392.649529
	-131867.541466
	1217.631399
	-37923.511374
	-30398.190999
	263.992428
	-126225.720264
	-62537.166763
	832.193288
	-173416.399635
	-92713.149475
	1133.060028
	-37827.402342
	-21376.058420
	245.656665
	-128467.027068
	-74392.174253
	832.193288
	-176209.195130
	-110269.702288
	1133.060028
	-38388.017825
	-25421.003707
	245.656665
	-122661.993242
	-104719.905895
	791.416798
	-167348.650112
	-155178.379205
	1077.541423
	-36305.121495
	-35766.992437
	233.619778
	-122987.433169
	-124458.743714
	791.416798
	-167273.801955
	-184410.410392
	1077.541423
	-36200.268808
	-42501.911759
	233.619778
	-116257.124462
	-158962.695001
	749.383303
	-157018.489611
	-235503.667239
	1020.311360
	-33792.171748
	-54272.774691
	221.211833
	-114048.457136
	-188841.296946
	749.383303
	-153158.306010
	-279752.079018
	1020.311360
	-32810.086343
	-64467.395843
	221.211833
	-109373.791217
	-181424.763520
	707.424133
	-146871.969702
	-268763.629102
	963.182495
	-31461.913925
	-61934.933647
	208.825829
	-105952.237177
	-215497.672682
	707.424133
	-141217.595731
	-319223.557513
	963.182495
	-30066.773815
	-73560.658342
	208.825829
	-102841.292363
	-176936.125845
	628.167115
	-137930.659370
	-262106.763077
	855.271317
	-29517.221100
	-60399.757556
	185.429804
	-99356.657259
	-210154.482811
	628.167115
	-132211.570436
	-311301.151101
	855.271317
	-28111.687325
	-71733.907835
	185.429804
	-91365.442296
	-194570.566803
	577.724436
	-121542.689753
	-288216.286012
	786.591860
	-25837.043637
	-66414.332853
	170.539537
	-86693.891283
	-231078.501432
	577.724436
	-114089.554955
	-342282.340631
	786.591860
	-24035.723826
	-78870.891673
	170.539537
	-73776.774893
	-248415.242602
	505.686767
	-95710.400921
	-367948.409539
	688.510074
	-19919.331414
	-84782.897806
	149.274605
	-66155.586147
	-294982.850032
	505.686767
	-83897.693738
	-436912.234319
	688.510074
	-17114.950244
	-100671.831183
	149.274605
	-54701.011061
	-239632.113648
	403.574679
	-69485.152912
	-354928.931302
	549.480924
	-14195.774719
	-81781.383677
	119.131950
	-46712.874845
	-284537.488747
	403.574679
	-57207.778633
	-421431.090010
	549.480924
	-11296.728633
	-97103.161037
	119.131950
	-41529.836557
	-187252.751451
	297.589904
	-52612.343037
	-277345.592261
	405.178976
	-10722.654146
	-63904.595056
	87.846110
	-35240.870262
	-222339.277489
	297.589904
	-42953.626931
	-329306.626278
	405.178976
	-8443.028630
	-75876.167259
	87.846110
	-30072.590266
	-166604.360719
	227.218487
	-37270.860790
	-246758.165226
	309.365851
	-7443.908094
	-56856.097238
	67.073042
	-24211.314746
	-197814.864019
	227.218487
	-28308.722999
	-292979.042776
	309.365851
	-5334.713852
	-67505.165012
	67.073042
	-16214.057764
	-143487.085010
	169.877321
	-18664.421083
	-212516.023963
	231.293865
	-3458.745837
	-48965.811897
	50.146398
	-10791.658803
	-170362.129400
	169.877321
	-10426.626186
	-252316.347720
	231.293865
	-1528.141768
	-58135.614972
	50.146398
	-5093.309069
	-95736.386519
	90.974459
	-4512.271828
	-141790.691099
	123.864881
	-562.741222
	-32669.575892
	26.854917
	-1254.142580
	-113663.569012
	90.974459
	1290.900348
	-168339.769749
	123.864881
	792.784595
	-38786.355860
	26.854917
	-1518236.055006
	-6906885.021536
	26879.386069
	59117.922318
	445101.676571
	-1844.981503
	70132.096414
	659389.102934
	-2512.006313
	13417.009669
	151954.207049
	-544.623477
	42633.936759
	528715.523623
	-1844.981503
	45038.327178
	783216.179639
	-2512.006313
	7528.223116
	180483.369670
	-544.623477
	22045.025622
	380560.394597
	-1815.933073
	20429.950196
	563803.879043
	-2472.455868
	2784.145436
	129931.294044
	-536.048618
	6848.476901
	452094.559135
	-1815.933073
	-2555.989671
	669741.672741
	-2472.455868
	-2587.348425
	154338.851943
	-536.048618
	5763.327625
	201560.219662
	-1696.993365
	2618.465937
	298701.187824
	-2310.515330
	-328.139990
	68850.709362
	-500.938587
	-2516.556232
	239585.154441
	-1696.993365
	-9880.144713
	355013.828391
	-2310.515330
	-3244.986650
	81824.870774
	-500.938587
	-654.542795
	33936.861471
	-1570.431678
	-1814.451381
	50445.967590
	-2138.197203
	-551.463802
	11651.559925
	-463.578610
	-2115.944891
	40579.491694
	-1570.431678
	-4018.626260
	60283.303285
	-2138.197203
	-1065.577115
	13918.034732
	-463.578610
	2867.526128
	-82414.707910
	-1482.307213
	6173.077900
	-121874.228673
	-2018.212688
	1724.928268
	-28051.814328
	-437.564988
	6447.426951
	-97555.372351
	-1482.307213
	11542.337476
	-144296.641744
	-2018.212688
	2972.622644
	-33217.830403
	-437.564988
	13608.837596
	-159568.588669
	-1406.195641
	23129.178874
	-236143.572087
	-1914.584142
	5796.583275
	-54380.329194
	-415.097473
	20856.745209
	-189157.278730
	-1406.195641
	33971.441205
	-279962.641809
	-1914.584142
	8311.667228
	-64476.032002
	-415.097473
	29870.921426
	-197661.128205
	-1361.733426
	46701.557882
	-292561.640250
	-1854.047294
	11147.190991
	-67379.603132
	-401.972590
	39353.548135
	-234384.408879
	-1361.733426
	60833.760540
	-346946.609406
	-1854.047294
	14417.186269
	-79909.638327
	-401.972590
	44716.775061
	-211751.028565
	-1291.043294
	67669.612298
	-313436.375705
	-1757.800227
	15818.015008
	-72190.349444
	-381.105440
	55367.619943
	-251123.442925
	-1291.043294
	83492.850740
	-371744.552459
	-1757.800227
	19471.476571
	-85624.272791
	-381.105440
	62223.000714
	-188061.117909
	-1272.136891
	91320.497129
	-278355.300891
	-1732.058504
	20909.155008
	-64108.188369
	-375.524424
	72552.132477
	-223005.210246
	-1272.136891
	106579.431419
	-330105.399167
	-1732.058504
	24418.778663
	-76031.161992
	-375.524424
	79235.174920
	-185016.183873
	-1231.494049
	114836.536113
	-273850.789754
	-1676.721865
	26063.136587
	-63071.122539
	-363.526989
	90093.858815
	-219398.239690
	-1231.494049
	130815.014853
	-324768.545760
	-1676.721865
	29728.361398
	-74802.328508
	-363.526989
	93670.422901
	-156944.859243
	-1199.541337
	134110.943783
	-232282.662256
	-1633.217139
	30172.938051
	-53494.617087
	-354.094810
	103904.001836
	-186081.367940
	-1199.541337
	149082.502827
	-275432.078586
	-1633.217139
	33593.400996
	-63436.034976
	-354.094810
	103428.914688
	-121651.311744
	-1163.094372
	146705.789311
	-180019.393867
	-1583.593332
	32782.575648
	-41454.085780
	-343.335963
	112552.125423
	-144191.995732
	-1163.094372
	159961.331970
	-213400.790651
	-1583.593332
	35796.406703
	-49144.998968
	-343.335963
	56089.946160
	-36632.835727
	-563.723278
	77556.836176
	-51984.095140
	-767.528796
	17005.843570
	-11613.679530
	-166.406509
	57895.872849
	-39862.141334
	-563.723278
	80080.551130
	-56569.568240
	-767.528796
	17563.519955
	-12638.565934
	-166.406509
	120210.937628
	-87905.803115
	-1127.446555
	169084.076134
	-130048.582480
	-1535.057593
	37549.036581
	-29941.710750
	-332.813018
	118995.075657
	-34791.489031
	-1079.471141
	165981.554206
	-51395.207553
	-1469.737402
	36629.402040
	-11821.239151
	-318.651068
	62285.943695
	-20285.194507
	-539.735570
	85859.413384
	-28772.559094
	-734.868701
	18783.566095
	-6425.952130
	-159.325534
	63883.728007
	-22053.026231
	-539.735570
	88078.114349
	-31282.803030
	-734.868701
	19271.580914
	-6987.009806
	-159.325534
	124308.618196
	-10065.002582
	-1014.406259
	172692.679262
	-14784.537917
	-1381.149309
	37993.445210
	-3387.520685
	-299.444446
	129535.718913
	-11758.169234
	-1014.406259
	179988.205585
	-17292.015857
	-1381.149309
	39604.204879
	-3965.231536
	-299.444446
	125174.096612
	52721.803778
	-965.249655
	172219.256742
	78193.075067
	-1314.220887
	37608.229748
	18033.164584
	-284.933818
	127788.046238
	62765.465572
	-965.249655
	175577.228431
	93067.133890
	-1314.220887
	38301.154033
	21460.076163
	-284.933818
	125732.946042
	74808.682290
	-894.308027
	172405.643490
	110893.942450
	-1217.631399
	37550.300415
	25565.974710
	-263.992428
	127437.675736
	88971.039562
	-894.308027
	174392.649529
	131867.541466
	-1217.631399
	37923.511374
	30398.190999
	-263.992428
	126225.720264
	62537.166763
	-832.193288
	173416.399635
	92713.149475
	-1133.060028
	37827.402342
	21376.058420
	-245.656665
	128467.027068
	74392.174253
	-832.193288
	176209.195130
	110269.702288
	-1133.060028
	38388.017825
	25421.003707
	-245.656665
	122661.993242
	104719.905895
	-791.416798
	167348.650112
	155178.379205
	-1077.541423
	36305.121495
	35766.992437
	-233.619778
	122987.433169
	124458.743714
	-791.416798
	167273.801955
	184410.410392
	-1077.541423
	36200.268808
	42501.911759
	-233.619778
	116257.124462
	158962.695001
	-749.383303
	157018.489611
	235503.667239
	-1020.311360
	33792.171748
	54272.774691
	-221.211833
	114048.457136
	188841.296946
	-749.383303
	153158.306010
	279752.079018
	-1020.311360
	32810.086343
	64467.395843
	-221.211833
	109373.791217
	181424.763520
	-707.424133
	146871.969702
	268763.629102
	-963.182495
	31461.913925
	61934.933647
	-208.825829
	105952.237177
	215497.672682
	-707.424133
	141217.595731
	319223.557513
	-963.182495
	30066.773815
	73560.658342
	-208.825829
	102841.292363
	176936.125845
	-628.167115
	137930.659370
	262106.763077
	-855.271317
	29517.221100
	60399.757556
	-185.429804
	99356.657259
	210154.482811
	-628.167115
	132211.570436
	311301.151101
	-855.271317
	28111.687325
	71733.907835
	-185.429804
	91365.442296
	194570.566803
	-577.724436
	121542.689753
	288216.286012
	-786.591860
	25837.043637
	66414.332853
	-170.539537
	86693.891283
	231078.501432
	-577.724436
	114089.554955
	342282.340631
	-786.591860
	24035.723826
	78870.891673
	-170.539537
	73776.774893
	248415.242602
	-505.686767
	95710.400921
	367948.409539
	-688.510074
	19919.331414
	84782.897806
	-149.274605
	66155.586147
	294982.850032
	-505.686767
	83897.693738
	436912.234319
	-688.510074
	17114.950244
	100671.831183
	-149.274605
	54701.011061
	239632.113648
	-403.574679
	69485.152912
	354928.931302
	-549.480924
	14195.774719
	81781.383677
	-119.131950
	46712.874845
	284537.488747
	-403.574679
	57207.778633
	421431.090010
	-549.480924
	11296.728633
	97103.161037
	-119.131950
	41529.836557
	187252.751451
	-297.589904
	52612.343037
	277345.592261
	-405.178976
	10722.654146
	63904.595056
	-87.846110
	35240.870262
	222339.277489
	-297.589904
	42953.626931
	329306.626278
	-405.178976
	8443.028630
	75876.167259
	-87.846110
	30072.590266
	166604.360719
	-227.218487
	37270.860790
	246758.165226
	-309.365851
	7443.908094
	56856.097238
	-67.073042
	24211.314746
	197814.864019
	-227.218487
	28308.722999
	292979.042776
	-309.365851
	5334.713852
	67505.165012
	-67.073042
	16214.057764
	143487.085010
	-169.877321
	18664.421083
	212516.023963
	-231.293865
	3458.745837
	48965.811897
	-50.146398
	10791.658803
	170362.129400
	-169.877321
	10426.626186
	252316.347720
	-231.293865
	1528.141768
	58135.614972
	-50.146398
	5093.309069
	95736.386519
	-90.974459
	4512.271828
	141790.691099
	-123.864881
	562.741222
	32669.575892
	-26.854917
	1254.142580
	113663.569012
	-90.974459
	-1290.900348
	168339.769749
	-123.864881
	-792.784595
	38786.355860
	-26.854917
