	1
	11
	21
	31
	41
	51
	61
	71
	81
	91
	101
	111
	121
	131
	141
	151
	161
	171
	181
	191
	201
	211
	221
	231
	241
	251
	261
	271
	281
	291
	301
	311
	321
	331
	341
	351
	361
	371
	381
	391
	401
	411
	421
	431
	441
	451
	461
	471
	481
	491
	501
	511
	521
	531
	541
	551
	561
	568
	575
	582
	589
	596
	603
	613
	623
	630
	637
	644
	651
	658
	665
	672
	679
	689
	699
	706
	713
	720
	727
	734
	741
	748
	755
	765
	775
	782
	789
	796
	803
	810
	817
	824
	831
	841
	851
	858
	865
	872
	879
	886
	893
	900
	907
	917
	927
	934
	941
	948
	955
	962
	969
	976
	983
	993
	1003
	1010
	1017
	1024
	1031
	1038
	1045
	1052
	1059
	1069
	1079
	1086
	1093
	1100
	1107
	1114
	1121
	1128
	1135
	1145
	1155
	1162
	1169
	1176
	1183
	1190
	1197
	1204
	1211
	1221
	1231
	1238
	1245
	1252
	1259
	1266
	1273
	1280
	1287
	1297
	1307
	1314
	1321
	1328
	1335
	1342
	1349
	1356
	1363
	1373
	1383
	1390
	1397
	1404
	1411
	1418
	1425
	1432
	1439
	1449
	1459
	1466
	1473
	1480
	1487
	1494
	1501
	1508
	1515
	1525
	1535
	1542
	1549
	1556
	1563
	1573
	1583
	1590
	1597
	1604
	1611
	1618
	1625
	1632
	1639
	1649
	1659
	1666
	1673
	1680
	1687
	1697
	1707
	1714
	1721
	1728
	1735
	1742
	1749
	1756
	1763
	1773
	1783
	1790
	1797
	1804
	1811
	1818
	1825
	1832
	1839
	1849
	1859
	1866
	1873
	1880
	1887
	1894
	1901
	1908
	1915
	1925
	1935
	1942
	1949
	1956
	1963
	1970
	1977
	1984
	1991
	2001
	2011
	2018
	2025
	2032
	2039
	2046
	2053
	2060
	2067
	2077
	2087
	2094
	2101
	2108
	2115
	2122
	2129
	2136
	2143
	2153
	2163
	2170
	2177
	2184
	2191
	2198
	2205
	2212
	2219
	2229
	2239
	2246
	2253
	2260
	2267
	2274
	2281
	2288
	2295
	2305
	2315
	2322
	2329
	2336
	2343
	2350
	2357
	2364
	2371
	2381
	2391
	2398
	2405
	2412
	2419
	2426
	2433
	2440
	2447
	2457
	2467
	2474
	2481
	2488
	2495
	2502
	2509
	2516
	2523
	2533
	2543
	2550
	2557
	2564
	2571
	2578
	2585
	2592
	2599
	2609
	2619
	2626
	2633
	2640
	2647
	2654
	2661
	2668
	2675
	2685
	2695
	2702
	2709
	2716
	2723
	2730
	2737
	2744
	2751
	2761
	2771
	2778
	2785
	2792
	2799
	2806
	2813
	2820
	2827
	2837
	2847
	2854
	2861
	2868
	2875
	3236
	3597
	3602
	3607
	3612
	3619
	3626
	3633
	3640
	3647
	3654
	3661
	3668
	3675
	3682
	3689
	3696
	3703
	3710
	3717
	3724
	3731
	3738
	3745
	3752
	3759
	3766
	3773
	3780
	3787
	3794
	3801
	3808
	3812
	3816
	3820
	3827
	3831
	3835
	3839
	3843
	3850
	3854
	3858
	3862
	3866
	3873
	3877
	3881
	3885
	3889
	3896
	3900
	3904
	3908
	3912
	3919
	3923
	3927
	3931
	3935
	3942
	3946
	3950
	3954
	3958
	3965
	3969
	3973
	3977
	3981
	3988
	3992
	3996
	4000
	4004
	4011
	4015
	4019
	4023
	4027
	4034
	4038
	4042
	4046
	4050
	4057
	4061
	4065
	4069
	4073
	4080
	4084
	4088
	4092
	4096
	4103
	4107
	4111
	4118
	4122
	4126
	4130
	4134
	4141
	4145
	4149
	4156
	4160
	4164
	4168
	4172
	4179
	4183
	4187
	4191
	4195
	4202
	4206
	4210
	4214
	4218
	4225
	4229
	4233
	4237
	4241
	4248
	4252
	4256
	4260
	4264
	4271
	4275
	4279
	4283
	4287
	4294
	4298
	4302
	4306
	4310
	4317
	4321
	4325
	4329
	4333
	4340
	4344
	4348
	4352
	4356
	4363
	4367
	4371
	4375
	4379
	4386
	4390
	4394
	4398
	4402
	4409
	4413
	4417
	4421
	4425
	4432
	4436
	4440
	4444
	4448
	4455
	4459
	4463
	4467
	4471
	4478
	4482
	4486
	4490
	4494
	4501
	4505
	4509
	4512
	4515
	4518
	4521
	4524
	4527
	4530
	4533
	4536
	4539
	4542
	4545
	4548
	4551
	4554
	4557
	4560
	4563
	4566
	4569
	4572
	4575
	4578
	4581
	4584
	4587
	4590
	4593
	4596
	4599
	4602
	4605
	4608
	4611
	4614
	4617
	4620
	4623
	4626
	4629
	4632
	4635
	4638
	4641
	4644
	4647
	4650
	4653
	4656
	4659
	4662
	4665
	4668
	4671
	4674
	4677
	4680
	4683
	4686
	4689
	4692
	4695
	4698
	4701
	4704
	4707
	4710
	4713
	4716
	4719
	4722
	4725
	4728
	4731
	4734
	4737
	4740
	4743
	4746
	4749
	4752
	4755
	4758
	4761
	4764
	4767
	4770
	4773
	4776
	4779
	4782
	4785
	4788
	4791
	4794
	4797
	4800
	4803
	4806
	4809
	4812
	4815
	4818
	4821
	4824
	4827
	4830
	4833
	4836
	4839
	4842
	4845
	4848
	4851
	4854
	4857
	4860
	4863
	4866
	4869
	4872
	4875
	4878
	4881
	4884
	4887
	4890
	4893
	4896
	4899
	4902
	4905
	4908
	4911
	4914
	4917
	4920
	4923
	4926
	4929
	4932
	4935
	4938
	4941
	4944
	4947
	4950
	4953
	4956
	4959
	4962
	4965
	4968
	4971
	4974
	4977
	4980
	4983
	4986
	4989
	4992
	4995
	4998
	5001
	5004
	5007
	5010
	5013
	5016
	5019
	5022
	5025
	5028
	5031
	5034
	5037
	5040
	5043
	5046
	5049
	5052
	5055
	5058
	5061
	5064
	5067
	5070
	5073
	5076
	5079
	5082
	5085
	5088
	5091
	5094
	5097
	5100
	5103
	5106
	5109
	5112
	5115
	5118
	5121
	5124
	5127
	5130
	5133
	5136
	5139
	5142
	5145
	5148
	5151
	5154
	5157
	5160
	5163
	5166
	5169
	5172
	5175
	5178
	5181
	5184
	5187
	5190
	5193
	5196
	5199
	5202
	5205
	5208
	5211
	5214
	5217
	5220
	5223
	5226
	5229
	5232
	5235
	5238
	5241
	5244
	5247
	5250
	5253
	5256
	5259
	5262
	5265
	5268
	5271
	5274
	5277
	5280
	5283
	5286
	5289
	5292
	5295
	5298
	5301
	5304
	5307
	5310
	5313
	5316
	5319
	5322
	5325
	5328
	5331
	5334
	5337
	5340
	5343
	5346
	5349
	5352
	5355
	5358
	5361
	5364
	5367
	5370
	5373
	5376
	5379
	5382
	5385
	5388
	5391
	5394
	5397
	5400
	5403
	5406
	5409
	5412
	5415
	5418
	5421
	5424
	5427
	5430
	5433
	5436
	5439
	5442
	5445
	5448
	5451
	5454
	5457
	5460
	5463
	5466
	5469
	5472
	5475
	5478
	5481
	5484
	5487
	5490
	5493
	5496
	5499
	5502
	5505
	5508
	5511
	5514
	5517
	5520
	5523
	5526
	5529
	5532
	5535
	5538
	5541
	5544
	5547
	5550
	5553
	5556
	5559
	5562
	5565
	5568
	5571
	5574
	5577
	5580
	5583
	5586
	5589
	5592
	5595
	5598
	5601
	5604
	5607
	5610
	5613
	5616
	5619
	5622
	5625
	5628
	5631
	5634
	5637
	5640
	5643
	5646
	5649
	5652
	5655
	5658
	5661
	5664
	5667
	5670
	5673
	5676
	5679
	5682
	5685
	5688
	5691
	5694
	5697
	5700
	5703
	5706
	5709
	5712
	5715
	5718
	5721
	5724
	5727
	5730
	5733
	5736
	5739
	5742
	5745
	5748
	5751
	5754
	5757
	5760
	5763
	5766
	5769
	5772
	5775
	5778
	5781
	5784
	5787
	5790
	5793
	5796
	5799
	5802
	5805
	5808
	5811
	5814
	5817
	5820
	5823
	5826
	5829
	5832
	5835
	5838
	5841
	5844
	5847
	5850
	5853
	5856
	5859
	5862
	5865
	5868
	5871
	5874
	5877
	5880
	5883
	5886
	5889
	5892
	5895
	5898
	5901
	5904
	5907
	5910
	5913
	5916
	5919
	5922
	5925
	5928
	5931
	5934
	5937
	5940
	5943
	5946
	5949
	5952
	5955
	5958
	5961
	5964
	5967
	5970
	5973
	5976
	5979
	5982
	5985
	5988
	5991
	5994
	5997
	6000
	6003
	6006
	6009
	6012
	6015
	6018
	6021
	6024
	6027
	6030
	6033
	6036
	6039
	6042
	6045
	6048
	6051
	6054
	6057
	6060
	6063
	6066
	6069
	6072
	6075
	6078
	6081
	6084
	6087
	6090
	6093
	6096
	6099
	6102
	6105
	6108
	6111
	6114
	6117
	6120
	6123
	6126
	6129
	6130
	6131
	6132
	6133
	6134
	6135
	6136
	6137
	6138
	6139
	6140
	6141
	6142
	6143
	6144
	6145
	6146
	6147
	6148
	6149
	6150
	6151
	6152
	6153
	6154
	6155
	6156
	6157
	6158
	6159
	6160
	6161
	6162
	6163
	6164
	6165
	6166
	6167
	6168
	6169
	6170
	6171
	6172
	6173
	6174
	6175
	6176
	6177
	6178
	6179
	6180
	6181
	6182
	6183
	6184
	6185
	6186
	6187
	6188
	6189
	6190
	6191
	6192
	6193
	6194
	6195
	6196
	6197
	6198
	6199
	6200
	6201
	6202
	6203
	6204
	6205
	6206
	6207
	6208
	6209
	6210
	6211
	6212
	6213
	6214
	6215
	6216
	6217
	6218
	6219
	6220
	6221
	6222
	6223
	6224
	6225
	6226
	6227
	6228
	6229
	6230
	6231
	6232
	6233
	6234
	6235
	6236
	6237
	6238
	6239
	6240
	6241
	6242
	6243
	6244
	6245
	6246
	6247
	6248
	6249
	6250
	6251
	6252
	6253
	6254
	6255
	6256
	6257
	6258
	6259
	6260
	6261
	6262
	6263
	6264
	6265
	6266
	6267
	6268
	6269
	6270
	6271
	6272
	6273
	6274
	6275
	6276
	6277
	6278
	6279
	6280
	6281
	6282
	6283
	6284
	6285
	6286
	6287
	6288
	6289
	6290
	6291
	6292
	6293
	6294
	6295
	6296
	6297
	6298
	6299
	6300
	6301
	6302
	6303
	6304
	6305
	6306
	6307
	6308
	6309
	6310
	6311
	6312
	6313
	6314
	6315
	6316
	6317
	6318
	6319
	6320
	6321
	6322
	6323
	6324
	6325
	6326
	6327
	6328
	6329
	6330
	6331
	6332
	6333
	6334
	6335
	6336
	6337
	6338
	6339
	6340
	6341
	6342
	6343
	6344
	6345
	6346
	6347
	6348
	6349
	6350
	6351
	6352
	6353
	6354
	6355
	6356
	6357
	6358
	6359
	6360
	6361
	6362
	6363
	6364
	6365
	6366
	6367
	6368
	6369
	6370
	6371
	6372
	6373
	6374
	6375
	6376
	6377
	6378
	6379
	6380
	6381
	6382
	6383
	6384
	6385
	6386
	6387
	6388
	6389
	6390
	6391
	6392
	6393
	6394
	6395
	6396
	6397
	6398
	6399
	6400
	6401
	6402
	6403
	6404
	6405
	6406
	6407
	6408
	6409
	6410
	6411
	6412
	6413
	6414
	6415
	6416
	6417
	6418
	6419
	6420
	6421
	6422
	6423
	6424
	6425
	6426
	6427
	6428
	6429
	6430
	6431
	6432
	6433
	6434
	6435
	6436
	6437
	6438
	6439
	6440
	6441
	6442
	6443
	6444
	6445
	6446
	6447
	6448
	6449
	6450
	6451
	6452
	6453
	6454
	6455
	6456
	6457
	6458
	6459
	6460
	6461
	6462
	6463
	6464
	6465
	6466
	6467
	6468
	6469
	6470
	6471
	6472
	6473
	6474
	6475
	6476
	6477
	6478
	6479
	6480
	6481
	6482
	6483
	6484
	6485
	6486
	6487
	6488
	6489
	6490
	6491
	6492
	6493
	6494
	6495
	6496
	6497
	6498
	6499
	6500
	6501
	6502
	6503
	6504
	6505
	6506
	6507
	6508
	6509
	6510
	6511
	6512
	6513
	6514
	6515
	6516
	6517
	6518
	6519
	6520
	6521
	6522
	6523
	6524
	6525
	6526
	6527
	6528
	6529
	6530
	6531
	6532
	6533
	6534
	6535
	6536
	6537
	6538
	6539
	6540
	6541
	6542
	6543
	6544
	6545
	6546
	6547
	6548
	6549
	6550
	6551
	6552
	6553
	6554
	6555
	6556
	6557
	6558
	6559
	6560
	6561
	6562
	6563
	6564
	6565
	6566
	6567
	6568
	6569
	6570
	6571
	6572
	6573
	6574
	6575
	6576
	6577
	6578
	6579
	6580
	6581
	6582
	6583
	6584
	6585
	6586
	6587
	6588
	6589
	6590
	6591
	6592
	6593
	6594
	6595
	6596
	6597
	6598
	6599
	6600
	6601
	6602
	6603
	6604
	6605
	6606
	6607
	6608
	6609
	6610
	6611
	6612
	6613
	6614
	6615
	6616
	6617
	6618
	6619
	6620
	6621
	6622
	6623
	6624
	6625
	6626
	6627
	6628
	6629
	6630
	6631
	6632
	6633
	6634
	6635
	6636
	6637
	6638
	6639
	6640
	6641
	6642
	6643
	6644
	6645
	6646
	6647
	6648
	6649
	6650
	6651
	6652
	6653
	6654
	6655
	6656
	6657
	6658
	6659
	6660
	6661
	6662
	6663
	6664
	6665
	6666
	6667
	6668
	6669
	6670
	6671
	6672
	6673
	6674
	6675
	6676
	6677
	6678
	6679
	6680
	6681
	6682
	6683
	6684
	6685
	6686
	6687
	6688
	6689
	6690
	6691
	6692
	6693
	6694
	6695
	6696
	6697
	6698
	6699
	6700
	6701
	6702
	6703
	6704
	6705
	6706
	6707
	6708
	6709
	6710
	6711
	6712
	6713
	6714
	6715
	6716
	6717
	6718
	6719
	6720
	6721
	6722
	6723
	6724
	6725
	6726
	6727
	6728
	6729
	6730
	6731
	6732
	6733
	6734
	6735
	6736
	6737
	6738
	6739
	6740
	6741
	6742
	6743
	6744
	6745
	6746
	6747
	6748
	6749
	6750
	6751
	6752
	6753
	6754
	6755
	6756
	6757
	6758
	6759
	6760
	6761
	6762
	6763
	6764
	6765
	6766
	6767
	6768
	6769
	6770
	6771
	6772
	6773
	6774
	6775
	6776
	6777
	6778
	6779
	6780
	6781
	6782
	6783
	6784
	6785
	6786
	6787
	6788
	6789
	6790
	6791
	6792
	6793
	6794
	6795
	6796
	6797
	6798
	6799
	6800
	6801
	6802
	6803
	6804
	6805
	6806
	6807
	6808
	6809
	6810
	6811
	6812
	6813
	6814
	6815
	6816
	6817
	6818
	6819
	6820
	6821
	6822
	6823
	6824
	6825
	6826
	6827
	6828
	6829
	6830
	6831
	6832
	6833
	6834
	6835
	6836
	6837
	6838
	6839
	6840
	6841
	6842
	6843
	6844
	6845
	6846
	6847
	6848
	6849
	6850
	6851
	6852
	6853
	6854
	6855
	6856
	6857
	6858
	6859
	6860
	6861
	6862
	6863
	6864
	6865
	6866
	6867
	6868
	6869
	6870
	6871
	6872
	6873
	6874
	6875
	6876
	6877
	6878
	6879
	6880
	6881
	6882
	6883
	6884
	6885
	6886
	6887
	6888
	6889
	6890
	6891
	6892
	6893
	6894
	6895
	6896
	6897
	6898
	6899
	6900
	6901
	6902
	6903
	6904
	6905
	6906
	6907
	6908
	6909
	6910
	6911
	6912
	6913
	6914
	6915
	6916
	6917
	6918
	6919
	6920
	6921
	6922
	6923
	6924
	6925
	6926
	6927
	6928
	6929
	6930
	6931
	6932
	6933
	6934
	6935
	6936
	6937
	6938
	6939
	6940
	6941
	6942
	6943
	6944
	6945
	6946
	6947
	6948
	6949
	6950
	6951
	6952
	6953
	6954
	6955
	6956
	6957
	6958
	6959
	6960
	6961
	6962
	6963
	6964
	6965
	6966
	6967
	6968
	6969
	6970
	6971
	6972
	6973
	6974
	6975
	6976
	6977
	6978
	6979
	6980
	6981
	6982
	6983
	6984
	6985
	6986
	6987
	6988
	6989
	6990
	6991
	6992
	6993
	6994
	6995
	6996
	6997
	6998
	6999
	7000
	7001
	7002
	7003
	7004
	7005
	7006
	7007
	7008
	7009
	7010
	7011
	7012
	7013
	7014
	7015
	7016
	7017
	7018
	7019
	7020
	7021
	7022
	7023
	7024
	7025
	7026
	7027
	7028
	7029
	7030
	7031
	7032
	7033
	7034
	7035
	7036
	7037
	7038
	7039
	7040
	7041
	7042
	7043
	7044
	7045
	7046
	7047
	7048
	7049
	7050
	7051
	7052
	7053
	7054
	7055
	7056
	7057
	7058
	7059
	7060
	7061
	7062
	7063
	7064
	7065
	7066
	7067
	7068
	7069
	7070
	7071
	7072
	7073
	7074
	7075
	7076
	7077
	7078
	7079
	7080
	7081
	7082
	7083
	7084
	7085
	7086
	7087
	7088
	7089
	7090
	7091
	7092
	7093
	7094
	7095
	7096
	7097
	7098
	7099
	7100
	7101
	7102
	7103
	7104
	7105
	7106
	7107
	7108
	7109
	7110
	7111
	7112
	7113
	7114
	7115
	7116
	7117
	7118
	7119
	7120
	7121
	7122
	7123
	7124
	7125
	7126
	7127
	7128
	7129
	7130
	7131
	7132
	7133
	7134
	7135
	7136
	7137
	7138
	7139
	7140
	7141
	7142
	7143
	7144
	7145
	7146
	7147
	7148
	7149
	7150
	7151
	7152
	7153
	7154
	7155
	7156
	7157
	7158
	7159
	7160
	7161
	7162
	7163
	7164
	7165
	7166
	7167
	7168
	7169
	7170
	7171
	7172
	7173
	7174
	7175
	7176
	7177
	7178
	7179
	7180
	7181
	7182
	7183
	7184
	7185
	7186
	7187
	7188
	7189
	7190
	7191
	7192
	7193
	7194
	7195
	7196
	7197
	7198
	7199
	7200
	7201
	7202
	7203
	7204
	7205
	7206
	7207
	7208
	7209
	7210
	7211
	7212
