-10.4681978225708
-10.4681978225708
-11.340858459472656
-11.340858459472656
-10.268203735351562
-10.268203735351562
-11.058351516723633
-11.058351516723633
-9.921205520629883
-9.921205520629883
-10.712255477905273
-10.712255477905273
-9.611610412597656
-9.611610412597656
-10.403610229492188
-10.403610229492188
-9.902597427368164
-9.902597427368164
-10.637693405151367
-10.637693405151367
-10.126742362976074
-10.126742362976074
-10.82026195526123
-10.82026195526123
-10.229196548461914
-10.229196548461914
-10.894838333129883
-10.894838333129883
-10.276341438293457
-10.276341438293457
-10.92085075378418
-10.92085075378418
-10.295402526855469
-10.295402526855469
-10.917850494384766
-10.917850494384766
-10.321290969848633
-10.321290969848633
-10.922998428344727
-10.922998428344727
-10.31199836730957
-10.31199836730957
-10.889107704162598
-10.889107704162598
-10.169107437133789
-10.169107437133789
-10.732746124267578
-10.732746124267578
-10.020364761352539
-10.020364761352539
-10.49959945678711
-10.49959945678711
-9.902912139892578
-9.902912139892578
-10.252882957458496
-10.252882957458496
-10.032411575317383
-10.032411575317383
-10.33283805847168
-10.33283805847168
-9.895808219909668
-9.895808219909668
-10.681230545043945
-10.681230545043945
-9.80482292175293
-9.80482292175293
-10.760608673095703
-10.760608673095703
-9.741888046264648
-9.741888046264648
-10.760404586791992
-10.760404586791992
-9.684868812561035
-9.684868812561035
-10.908369064331055
-10.908369064331055
-10.207825660705566
-10.207825660705566
-11.102112770080566
-11.102112770080566
-10.333070755004883
-10.333070755004883
-11.167491912841797
-11.167491912841797
-10.39657974243164
-10.39657974243164
-11.205860137939453
-11.205860137939453
-10.53097152709961
-10.53097152709961
-11.286911964416504
-11.286911964416504
-10.664788246154785
-10.664788246154785
-11.370723724365234
-11.370723724365234
-10.676254272460938
-10.676254272460938
-11.370010375976562
-11.370010375976562
-10.639291763305664
-10.639291763305664
-11.333562850952148
-11.333562850952148
-10.635921478271484
-10.635921478271484
-11.321191787719727
-11.321191787719727
-10.618537902832031
-10.618537902832031
-11.296339988708496
-11.296339988708496
-9.914693832397461
-9.914693832397461
-10.755655288696289
-10.755655288696289
-10.882325172424316
-10.882325172424316
-12.250066757202148
-12.250066757202148
-10.495613098144531
-10.495613098144531
-11.774103164672852
-11.774103164672852
-10.424121856689453
-10.424121856689453
-11.367403030395508
-11.367403030395508
-10.59067440032959
-10.59067440032959
-11.659131050109863
-11.659131050109863
-10.24306583404541
-10.24306583404541
-11.287769317626953
-11.287769317626953
-10.410598754882812
-10.410598754882812
-11.406803131103516
-11.406803131103516
-10.068169593811035
-10.068169593811035
-11.049884796142578
-11.049884796142578
-10.055280685424805
-10.055280685424805
-10.779805183410645
-10.779805183410645
-10.334369659423828
-10.334369659423828
-11.251956939697266
-11.251956939697266
-9.993500709533691
-9.993500709533691
-10.90085506439209
-10.90085506439209
-10.112109184265137
-10.112109184265137
-11.045055389404297
-11.045055389404297
-9.772708892822266
-9.772708892822266
-10.697104454040527
-10.697104454040527
-9.742387771606445
-9.742387771606445
-10.4276704788208
-10.4276704788208
-9.993181228637695
-9.993181228637695
-10.879435539245605
-10.879435539245605
-9.653934478759766
-9.653934478759766
-10.53341293334961
-10.53341293334961
-9.409883499145508
-9.409883499145508
-10.359039306640625
-10.359039306640625
-9.071568489074707
-9.071568489074707
-10.014348983764648
-10.014348983764648
-9.097417831420898
-9.097417831420898
-9.821426391601562
-9.821426391601562
-9.333379745483398
-9.333379745483398
-10.246173858642578
-10.246173858642578
-8.994863510131836
-8.994863510131836
-9.902408599853516
-9.902408599853516
-9.629932403564453
-9.629932403564453
-10.529512405395508
-10.529512405395508
-9.291133880615234
-9.291133880615234
-10.186429977416992
-10.186429977416992
-9.357702255249023
-9.357702255249023
-10.022929191589355
-10.022929191589355
-9.708757400512695
-9.708757400512695
-10.550277709960938
-10.550277709960938
-9.369802474975586
-9.369802474975586
-10.207722663879395
-10.207722663879395
-9.984477043151855
-9.984477043151855
-10.821582794189453
-10.821582794189453
-9.645533561706543
-9.645533561706543
-10.479446411132812
-10.479446411132812
-9.693523406982422
-9.693523406982422
-10.295347213745117
-10.295347213745117
-10.037800788879395
-10.037800788879395
-10.824302673339844
-10.824302673339844
-9.698709487915039
-9.698709487915039
-10.48249626159668
-10.48249626159668
-10.166154861450195
-10.166154861450195
-10.95716667175293
-10.95716667175293
-9.826715469360352
-9.826715469360352
-10.615617752075195
-10.615617752075195
-9.859695434570312
-9.859695434570312
-10.418658256530762
-10.418658256530762
-10.184638977050781
-10.184638977050781
-10.933335304260254
-10.933335304260254
-9.84511947631836
-9.84511947631836
-10.59200668334961
-10.59200668334961
-10.257869720458984
-10.257869720458984
-11.017242431640625
-11.017242431640625
-9.917976379394531
-9.917976379394531
-10.676085472106934
-10.676085472106934
-9.943185806274414
-9.943185806274414
-10.472577095031738
-10.472577095031738
-10.25943374633789
-10.25943374633789
-10.980615615844727
-10.980615615844727
-9.91952133178711
-9.91952133178711
-10.639613151550293
-10.639613151550293
-10.282670021057129
-10.282670021057129
-11.008002281188965
-11.008002281188965
-9.941802978515625
-9.941802978515625
-10.667095184326172
-10.667095184326172
-9.965290069580078
-9.965290069580078
-10.465669631958008
-10.465669631958008
-10.275439262390137
-10.275439262390137
-10.966548919677734
-10.966548919677734
-9.934671401977539
-9.934671401977539
-10.625755310058594
-10.625755310058594
-10.327128410339355
-10.327128410339355
-11.024070739746094
-11.024070739746094
-9.985593795776367
-9.985593795776367
-10.683341979980469
-10.683341979980469
-10.007408142089844
-10.007408142089844
-10.481353759765625
-10.481353759765625
-10.319068908691406
-10.319068908691406
-10.983373641967773
-10.983373641967773
-9.977704048156738
-9.977704048156738
-10.642731666564941
-10.642731666564941
-10.335968017578125
-10.335968017578125
-10.997669219970703
-10.997669219970703
-9.993399620056152
-9.993399620056152
-10.657051086425781
-10.657051086425781
-10.011534690856934
-10.011534690856934
-10.45478630065918
-10.45478630065918
-10.316361427307129
-10.316361427307129
-10.948400497436523
-10.948400497436523
-9.974054336547852
-9.974054336547852
-10.607851028442383
-10.607851028442383
-10.3109712600708
-10.3109712600708
-10.932106971740723
-10.932106971740723
-9.967164993286133
-9.967164993286133
-10.591552734375
-10.591552734375
-9.944295883178711
-9.944295883178711
-10.353992462158203
-10.353992462158203
-10.2166166305542
-10.2166166305542
-10.816838264465332
-10.816838264465332
-9.873150825500488
-9.873150825500488
-10.476339340209961
-10.476339340209961
-9.876863479614258
-9.876863479614258
-10.44103717803955
-10.44103717803955
-9.524735450744629
-9.524735450744629
-10.091636657714844
-10.091636657714844
-9.673059463500977
-9.673059463500977
-10.0764741897583
-10.0764741897583
-10.063394546508789
-10.063394546508789
-10.60542106628418
-10.60542106628418
-9.711366653442383
-9.711366653442383
-10.256032943725586
-10.256032943725586
-9.674114227294922
-9.674114227294922
-10.012237548828125
-10.012237548828125
-9.972612380981445
-9.972612380981445
-10.4865083694458
-10.4865083694458
-9.627079010009766
-9.627079010009766
-10.146003723144531
-10.146003723144531
-9.957109451293945
-9.957109451293945
-10.34111213684082
-10.34111213684082
-9.608583450317383
-9.608583450317383
-10.000528335571289
-10.000528335571289
-9.713785171508789
-9.713785171508789
-9.954870223999023
-9.954870223999023
-10.01730728149414
-10.01730728149414
-10.389394760131836
-10.389394760131836
-9.664060592651367
-9.664060592651367
-10.039997100830078
-10.039997100830078
-9.625482559204102
-9.625482559204102
-9.819269180297852
-9.819269180297852
-9.742432594299316
-9.742432594299316
-10.117789268493652
-10.117789268493652
-9.389273643493652
-9.389273643493652
-9.768400192260742
-9.768400192260742
-9.96504020690918
-9.96504020690918
-10.06110954284668
-10.06110954284668
-9.614192962646484
-9.614192962646484
-9.720486640930176
-9.720486640930176
-9.642049789428711
-9.642049789428711
-9.608846664428711
-9.608846664428711
-9.981718063354492
-9.981718063354492
-10.075515747070312
-10.075515747070312
-9.631013870239258
-9.631013870239258
-9.734916687011719
-9.734916687011719
-9.913405418395996
-9.913405418395996
-10.599137306213379
-10.599137306213379
-9.549579620361328
-9.549579620361328
-10.258073806762695
-10.258073806762695
-9.554731369018555
-9.554731369018555
-10.098745346069336
-10.098745346069336
-9.822206497192383
-9.822206497192383
-10.627756118774414
-10.627756118774414
-9.454354286193848
-9.454354286193848
-10.28656005859375
-10.28656005859375
-9.806793212890625
-9.806793212890625
-10.788089752197266
-10.788089752197266
-9.430097579956055
-9.430097579956055
-10.446581840515137
-10.446581840515137
-9.431083679199219
-9.431083679199219
-10.25872802734375
-10.25872802734375
-9.685930252075195
-9.685930252075195
-10.757942199707031
-10.757942199707031
-9.293338775634766
-9.293338775634766
-10.415863037109375
-10.415863037109375
-9.875970840454102
-9.875970840454102
-10.793424606323242
-10.793424606323242
-9.507877349853516
-9.507877349853516
-10.452251434326172
-10.452251434326172
-9.489986419677734
-9.489986419677734
-10.264272689819336
-10.264272689819336
-9.760284423828125
-9.760284423828125
-10.74909782409668
-10.74909782409668
-9.38530158996582
-9.38530158996582
-10.40768051147461
-10.40768051147461
-9.41537094116211
-9.41537094116211
-10.886863708496094
-10.886863708496094
-8.9351167678833
-8.9351167678833
-10.541604995727539
-10.541604995727539
-8.780345916748047
-8.780345916748047
-10.348166465759277
-10.348166465759277
-8.872980117797852
-8.872980117797852
-10.858312606811523
-10.858312606811523
-8.903055191040039
-8.903055191040039
-10.531720161437988
-10.531720161437988
-9.867269515991211
-9.867269515991211
-11.143230438232422
-11.143230438232422
-9.565922737121582
-9.565922737121582
-10.804525375366211
-10.804525375366211
-9.688776016235352
-9.688776016235352
-10.627835273742676
-10.627835273742676
-10.085306167602539
-10.085306167602539
-11.170167922973633
-11.170167922973633
-9.769186019897461
-9.769186019897461
-10.830926895141602
-10.830926895141602
-10.219817161560059
-10.219817161560059
-11.293328285217285
-11.293328285217285
-9.903608322143555
-9.903608322143555
-10.95408821105957
-10.95408821105957
-9.972015380859375
-9.972015380859375
-10.756381034851074
-10.756381034851074
-10.292314529418945
-10.292314529418945
-11.271872520446777
-11.271872520446777
-9.968877792358398
-9.968877792358398
-10.932371139526367
-10.932371139526367
-10.29061222076416
-10.29061222076416
-11.333305358886719
-11.333305358886719
-9.97271728515625
-9.97271728515625
-10.994010925292969
-10.994010925292969
-10.03883171081543
-10.03883171081543
-10.79664421081543
-10.79664421081543
-10.347742080688477
-10.347742080688477
-11.3065185546875
-11.3065185546875
-10.023356437683105
-10.023356437683105
-10.966988563537598
-10.966988563537598
-10.438884735107422
-10.438884735107422
-11.410361289978027
-11.410361289978027
-10.114344596862793
-10.114344596862793
-11.070828437805176
-11.070828437805176
-10.180939674377441
-10.180939674377441
-10.877994537353516
-10.877994537353516
-10.5015287399292
-10.5015287399292
-11.395532608032227
-11.395532608032227
-10.173110961914062
-10.173110961914062
-11.055858612060547
-11.055858612060547
-10.672820091247559
-10.672820091247559
-11.54919719696045
-11.54919719696045
-10.341935157775879
-10.341935157775879
-11.20943546295166
-11.20943546295166
-10.3929443359375
-10.3929443359375
-11.008121490478516
-11.008121490478516
-10.716192245483398
-10.716192245483398
-11.529512405395508
-11.529512405395508
-10.383437156677246
-10.383437156677246
-11.189684867858887
-11.189684867858887
-10.75499153137207
-10.75499153137207
-11.591723442077637
-11.591723442077637
-10.422329902648926
-10.422329902648926
-11.251900672912598
-11.251900672912598
-10.457757949829102
-10.457757949829102
-11.040834426879883
-11.040834426879883
-10.759674072265625
-10.759674072265625
-11.547380447387695
-11.547380447387695
-10.425609588623047
-10.425609588623047
-11.207508087158203
-11.207508087158203
-10.702211380004883
-10.702211380004883
-11.538370132446289
-11.538370132446289
-10.36939811706543
-10.36939811706543
-11.198543548583984
-11.198543548583984
-10.405552864074707
-10.405552864074707
-10.99077320098877
-10.99077320098877
-10.696239471435547
-10.696239471435547
-11.487212181091309
-11.487212181091309
-10.362059593200684
-10.362059593200684
-11.147337913513184
-11.147337913513184
-10.691693305969238
-10.691693305969238
-11.517293930053711
-11.517293930053711
-10.357967376708984
-10.357967376708984
-11.177436828613281
-11.177436828613281
-10.397012710571289
-10.397012710571289
-10.973275184631348
-10.973275184631348
-10.69250774383545
-10.69250774383545
-11.471981048583984
-11.471981048583984
-10.357632637023926
-10.357632637023926
-11.132081985473633
-11.132081985473633
-10.688043594360352
-10.688043594360352
-11.4935302734375
-11.4935302734375
-10.352997779846191
-10.352997779846191
-11.153623580932617
-11.153623580932617
-10.393333435058594
-10.393333435058594
-10.954851150512695
-10.954851150512695
-10.686763763427734
-10.686763763427734
-11.452375411987305
-11.452375411987305
-10.350863456726074
-10.350863456726074
-11.11244010925293
-11.11244010925293
-10.6328763961792
-10.6328763961792
-11.431973457336426
-11.431973457336426
-10.296812057495117
-10.296812057495117
-11.092033386230469
-11.092033386230469
-10.159942626953125
-10.159942626953125
-10.651140213012695
-10.651140213012695
-10.2260160446167
-10.2260160446167
-10.946332931518555
-10.946332931518555
-9.889305114746094
-9.889305114746094
-10.606367111206055
-10.606367111206055
-1.8063569068908691
-1.8063569068908691
-0.5984110236167908
-0.5984110236167908
-11.561320304870605
-11.561320304870605
-12.370428085327148
-12.370428085327148
-11.253519058227539
-11.253519058227539
-10.763145446777344
-10.763145446777344
-10.362649917602539
-10.362649917602539
-10.199182510375977
-10.199182510375977
-10.136775970458984
-10.136775970458984
-10.190532684326172
-10.190532684326172
-10.229597091674805
-10.229597091674805
-10.24968147277832
-10.24968147277832
-10.25967788696289
-10.25967788696289
-10.269267082214355
-10.269267082214355
-10.279045104980469
-10.279045104980469
-10.297956466674805
-10.297956466674805
-10.07461929321289
-10.07461929321289
-9.756555557250977
-9.756555557250977
-10.020976066589355
-10.020976066589355
-10.230132102966309
-10.230132102966309
-10.315958023071289
-10.315958023071289
-10.345242500305176
-10.345242500305176
-10.378568649291992
-10.378568649291992
-10.438789367675781
-10.438789367675781
-10.491312026977539
-10.491312026977539
-10.519939422607422
-10.519939422607422
-10.547260284423828
-10.547260284423828
-10.586267471313477
-10.586267471313477
-10.618870735168457
-10.618870735168457
-10.630340576171875
-10.630340576171875
-10.638532638549805
-10.638532638549805
-10.652284622192383
-10.652284622192383
-10.801957130432129
-10.801957130432129
-10.233436584472656
-10.233436584472656
-12.510170936584473
-12.510170936584473
-11.801141738891602
-11.801141738891602
-11.606978416442871
-11.606978416442871
-12.273932456970215
-12.273932456970215
-11.564905166625977
-11.564905166625977
-11.75744915008545
-11.75744915008545
-11.048419952392578
-11.048419952392578
-10.830971717834473
-10.830971717834473
-11.474642753601074
-11.474642753601074
-10.76561450958252
-10.76561450958252
-11.476273536682129
-11.476273536682129
-10.76724624633789
-10.76724624633789
-10.592316627502441
-10.592316627502441
-11.278507232666016
-11.278507232666016
-10.569478988647461
-10.569478988647461
-11.238130569458008
-11.238130569458008
-10.529102325439453
-10.529102325439453
-10.383646011352539
-10.383646011352539
-11.099310874938965
-11.099310874938965
-10.39028263092041
-10.39028263092041
-11.251508712768555
-11.251508712768555
-10.542481422424316
-10.542481422424316
-10.424980163574219
-10.424980163574219
-11.168600082397461
-11.168600082397461
-10.459571838378906
-10.459571838378906
-11.325775146484375
-11.325775146484375
-10.616745948791504
-10.616745948791504
-10.49406909942627
-10.49406909942627
-11.232513427734375
-11.232513427734375
-10.52348518371582
-10.52348518371582
-11.365633010864258
-11.365633010864258
-10.656604766845703
-10.656604766845703
-10.528895378112793
-10.528895378112793
-11.26230525970459
-11.26230525970459
-10.553277015686035
-10.553277015686035
-11.389039993286133
-11.389039993286133
-10.680011749267578
-10.680011749267578
-10.549712181091309
-10.549712181091309
-11.280534744262695
-11.280534744262695
-10.57150650024414
-10.57150650024414
-11.397144317626953
-11.397144317626953
-10.688116073608398
-10.688116073608398
-10.557928085327148
-10.557928085327148
-11.288858413696289
-11.288858413696289
-10.579830169677734
-10.579830169677734
-11.414083480834961
-11.414083480834961
-10.705055236816406
-10.705055236816406
-10.574810028076172
-10.574810028076172
-11.305683135986328
-11.305683135986328
-10.596654891967773
-10.596654891967773
-11.42292594909668
-11.42292594909668
-10.713897705078125
-10.713897705078125
-10.586061477661133
-10.586061477661133
-11.319344520568848
-11.319344520568848
-10.610316276550293
-10.610316276550293
-11.461599349975586
-11.461599349975586
-10.752571105957031
-10.752571105957031
-10.571616172790527
-10.571616172790527
-11.251782417297363
-11.251782417297363
-10.542753219604492
-10.542753219604492
-10.92048454284668
-10.92048454284668
-10.211456298828125
-10.211456298828125
-10.110433578491211
-10.110433578491211
-10.870529174804688
-10.870529174804688
-10.161500930786133
-10.161500930786133
-9.986577987670898
-9.986577987670898
-10.672773361206055
-10.672773361206055
-9.963746070861816
-9.963746070861816
-10.665996551513672
-10.665996551513672
-9.956968307495117
-9.956968307495117
-9.957372665405273
-9.957372665405273
-10.81889820098877
-10.81889820098877
-10.109868049621582
-10.109868049621582
-10.043371200561523
-10.043371200561523
-10.837993621826172
-10.837993621826172
-10.128965377807617
-10.128965377807617
-11.19943904876709
-11.19943904876709
-10.490409851074219
-10.490409851074219
-10.41303825378418
-10.41303825378418
-11.196785926818848
-11.196785926818848
-10.487757682800293
-10.487757682800293
-11.401826858520508
-11.401826858520508
-10.692798614501953
-10.692798614501953
-10.584392547607422
-10.584392547607422
-11.337105751037598
-11.337105751037598
-10.628076553344727
-10.628076553344727
-11.488689422607422
-11.488689422607422
-10.779661178588867
-10.779661178588867
-10.654269218444824
-10.654269218444824
-11.389997482299805
-11.389997482299805
-10.68096923828125
-10.68096923828125
-11.51304817199707
-11.51304817199707
-10.804019927978516
-10.804019927978516
-10.680550575256348
-10.680550575256348
-11.418201446533203
-11.418201446533203
-10.709173202514648
-10.709173202514648
-11.57349681854248
-11.57349681854248
-10.86446762084961
-10.86446762084961
-10.746002197265625
-10.746002197265625
-11.488656044006348
-11.488656044006348
-10.779627799987793
-10.779627799987793
-11.662942886352539
-11.662942886352539
-10.953914642333984
-10.953914642333984
-10.83267593383789
-10.83267593383789
-11.57255744934082
-11.57255744934082
-10.86352825164795
-10.86352825164795
-11.718106269836426
-11.718106269836426
-11.009078025817871
-11.009078025817871
-10.882026672363281
-10.882026672363281
-11.616094589233398
-11.616094589233398
-10.907066345214844
-10.907066345214844
-11.750259399414062
-11.750259399414062
-11.041231155395508
-11.041231155395508
-10.913677215576172
-10.913677215576172
-11.647241592407227
-11.647241592407227
-10.938213348388672
-10.938213348388672
-11.791346549987793
-11.791346549987793
-11.082318305969238
-11.082318305969238
-10.957088470458984
-10.957088470458984
-11.69297981262207
-11.69297981262207
-10.983951568603516
-10.983951568603516
-11.84903621673584
-11.84903621673584
-11.140007972717285
-11.140007972717285
-11.012360572814941
-11.012360572814941
-11.745834350585938
-11.745834350585938
-11.036806106567383
-11.036806106567383
-11.882588386535645
-11.882588386535645
-11.17356014251709
-11.17356014251709
-11.04051685333252
-11.04051685333252
-11.768592834472656
-11.768592834472656
-11.059564590454102
-11.059564590454102
-11.889930725097656
-11.889930725097656
-11.180902481079102
-11.180902481079102
-11.047404289245605
-11.047404289245605
-11.775026321411133
-11.775026321411133
-11.065998077392578
-11.065998077392578
-11.904942512512207
-11.904942512512207
-11.195913314819336
-11.195913314819336
-11.063446998596191
-11.063446998596191
-11.792098999023438
-11.792098999023438
-11.083070755004883
-11.083070755004883
-11.923633575439453
-11.923633575439453
-11.214606285095215
-11.214606285095215
-11.105464935302734
-11.105464935302734
-11.857440948486328
-11.857440948486328
-11.14841365814209
-11.14841365814209
-12.258064270019531
-12.258064270019531
-11.549036979675293
-11.549036979675293
-11.287566184997559
-11.287566184997559
-11.887215614318848
-11.887215614318848
-11.17818832397461
-11.17818832397461
-9.781011581420898
-9.781011581420898
-10.57080078125
-10.57080078125
-10.637275695800781
-10.637275695800781
-9.74170970916748
-9.74170970916748
-10.340057373046875
-10.340057373046875
-10.335502624511719
-10.335502624511719
-9.346976280212402
-9.346976280212402
-9.72578239440918
-9.72578239440918
-9.908621788024902
-9.908621788024902
-9.588380813598633
-9.588380813598633
-10.002449035644531
-10.002449035644531
-10.078699111938477
-10.078699111938477
-9.54307746887207
-9.54307746887207
-9.896209716796875
-9.896209716796875
-9.972360610961914
-9.972360610961914
-8.840444564819336
-8.840444564819336
-9.159790992736816
-9.159790992736816
-9.267997741699219
-9.267997741699219
-9.352173805236816
-9.352173805236816
-9.661928176879883
-9.661928176879883
-9.431001663208008
-9.431001663208008
-9.306020736694336
-9.306020736694336
-9.5728759765625
-9.5728759765625
-9.35167121887207
-9.35167121887207
-8.941951751708984
-8.941951751708984
-9.033523559570312
-9.033523559570312
-9.017797470092773
-9.017797470092773
-9.359216690063477
-9.359216690063477
-9.613597869873047
-9.613597869873047
-9.354040145874023
-9.354040145874023
-9.31266975402832
-9.31266975402832
-9.531452178955078
-9.531452178955078
-9.28563117980957
-9.28563117980957
-8.62045669555664
-8.62045669555664
-8.824182510375977
-8.824182510375977
-8.614763259887695
-8.614763259887695
-9.155533790588379
-9.155533790588379
-9.37896728515625
-9.37896728515625
-9.107839584350586
-9.107839584350586
-9.108833312988281
-9.108833312988281
-9.300580024719238
-9.300580024719238
-9.045291900634766
-9.045291900634766
-8.732730865478516
-8.732730865478516
-8.756190299987793
-8.756190299987793
-8.705211639404297
-8.705211639404297
-9.104864120483398
-9.104864120483398
-9.313220977783203
-9.313220977783203
-9.10554313659668
-9.10554313659668
-9.05799674987793
-9.05799674987793
-9.237113952636719
-9.237113952636719
-9.046650886535645
-9.046650886535645
-8.35698413848877
-8.35698413848877
-8.532646179199219
-8.532646179199219
-8.372846603393555
-8.372846603393555
-8.689250946044922
-8.689250946044922
-8.914125442504883
-8.914125442504883
-8.791967391967773
-8.791967391967773
-8.642350196838379
-8.642350196838379
-8.839616775512695
-8.839616775512695
-8.735527992248535
-8.735527992248535
-8.271883010864258
-8.271883010864258
-8.31318473815918
-8.31318473815918
-8.399017333984375
-8.399017333984375
-8.68142318725586
-8.68142318725586
-8.908047676086426
-8.908047676086426
-8.845263481140137
-8.845263481140137
-8.634416580200195
-8.634416580200195
-8.834625244140625
-8.834625244140625
-8.79059886932373
-8.79059886932373
-8.010198593139648
-8.010198593139648
-8.20677375793457
-8.20677375793457
-8.187422752380371
-8.187422752380371
-8.784444808959961
-8.784444808959961
-8.972152709960938
-8.972152709960938
-8.8096923828125
-8.8096923828125
-8.737344741821289
-8.737344741821289
-8.899528503417969
-8.899528503417969
-8.756354331970215
-8.756354331970215
-8.387468338012695
-8.387468338012695
-8.389730453491211
-8.389730453491211
-8.441621780395508
-8.441621780395508
-8.958229064941406
-8.958229064941406
-9.117731094360352
-9.117731094360352
-8.93305778503418
-8.93305778503418
-8.911064147949219
-8.911064147949219
-9.045724868774414
-9.045724868774414
-8.8807373046875
-8.8807373046875
-8.27258586883545
-8.27258586883545
-8.402887344360352
-8.402887344360352
-8.270328521728516
-8.270328521728516
-9.069547653198242
-9.069547653198242
-9.195564270019531
-9.195564270019531
-8.904167175292969
-8.904167175292969
-9.022342681884766
-9.022342681884766
-9.124052047729492
-9.124052047729492
-8.852642059326172
-8.852642059326172
-8.673042297363281
-8.673042297363281
-8.611763000488281
-8.611763000488281
-8.54114055633545
-8.54114055633545
-9.21473217010498
-9.21473217010498
-9.320123672485352
-9.320123672485352
-9.021683692932129
-9.021683692932129
-9.16748046875
-9.16748046875
-9.248995780944824
-9.248995780944824
-8.970800399780273
-8.970800399780273
-8.508336067199707
-8.508336067199707
-8.585077285766602
-8.585077285766602
-8.345039367675781
-8.345039367675781
-9.235246658325195
-9.235246658325195
-9.31976318359375
-9.31976318359375
-8.954687118530273
-8.954687118530273
-9.187938690185547
-9.187938690185547
-9.248933792114258
-9.248933792114258
-8.904329299926758
-8.904329299926758
-8.837425231933594
-8.837425231933594
-8.73450756072998
-8.73450756072998
-8.593100547790527
-8.593100547790527
-9.341540336608887
-9.341540336608887
-9.41399097442627
-9.41399097442627
-9.063188552856445
-9.063188552856445
-9.29420280456543
-9.29420280456543
-9.343420028686523
-9.343420028686523
-9.01325798034668
-9.01325798034668
-8.62669849395752
-8.62669849395752
-8.6712646484375
-8.6712646484375
-8.382055282592773
-8.382055282592773
-9.32487964630127
-9.32487964630127
-9.38290786743164
-9.38290786743164
-8.984748840332031
-8.984748840332031
-9.277486801147461
-9.277486801147461
-9.312528610229492
-9.312528610229492
-8.9351806640625
-8.9351806640625
-8.926919937133789
-8.926919937133789
-8.797405242919922
-8.797405242919922
-8.624333381652832
-8.624333381652832
-9.413034439086914
-9.413034439086914
-9.462430953979492
-9.462430953979492
-9.08928394317627
-9.08928394317627
-9.36562728881836
-9.36562728881836
-9.392232894897461
-9.392232894897461
-9.040010452270508
-9.040010452270508
-8.692557334899902
-8.692557334899902
-8.71507453918457
-8.71507453918457
-8.404928207397461
-8.404928207397461
-9.363930702209473
-9.363930702209473
-9.400781631469727
-9.400781631469727
-8.995290756225586
-8.995290756225586
-9.316418647766113
-9.316418647766113
-9.330671310424805
-9.330671310424805
-8.946288108825684
-8.946288108825684
-8.96664810180664
-8.96664810180664
-8.816844940185547
-8.816844940185547
-8.636516571044922
-8.636516571044922
-9.443933486938477
-9.443933486938477
-9.474771499633789
-9.474771499633789
-9.100040435791016
-9.100040435791016
-9.396421432495117
-9.396421432495117
-9.404797554016113
-9.404797554016113
-9.051244735717773
-9.051244735717773
-8.724899291992188
-8.724899291992188
-8.72974967956543
-8.72974967956543
-8.419044494628906
-8.419044494628906
-9.410261154174805
-9.410261154174805
-9.428716659545898
-9.428716659545898
-9.017855644226074
-9.017855644226074
-9.362665176391602
-9.362665176391602
-9.358799934387207
-9.358799934387207
-8.969254493713379
-8.969254493713379
-9.01429557800293
-9.01429557800293
-8.84597110748291
-8.84597110748291
-8.660909652709961
-8.660909652709961
-9.491096496582031
-9.491096496582031
-9.503397941589355
-9.503397941589355
-9.123723983764648
-9.123723983764648
-9.443511962890625
-9.443511962890625
-9.433588027954102
-9.433588027954102
-9.075271606445312
-9.075271606445312
-8.768531799316406
-8.768531799316406
-8.755775451660156
-8.755775451660156
-8.440871238708496
-8.440871238708496
-9.43564224243164
-9.43564224243164
-9.435295104980469
-9.435295104980469
-9.029342651367188
-9.029342651367188
-9.387933731079102
-9.387933731079102
-9.365480422973633
-9.365480422973633
-8.981050491333008
-8.981050491333008
-9.039582252502441
-9.039582252502441
-8.852914810180664
-8.852914810180664
-8.672452926635742
-8.672452926635742
-9.50560188293457
-9.50560188293457
-9.499885559082031
-9.499885559082031
-9.1365966796875
-9.1365966796875
-9.457914352416992
-9.457914352416992
-9.430160522460938
-9.430160522460938
-9.088409423828125
-9.088409423828125
-8.78238296508789
-8.78238296508789
-8.75279426574707
-8.75279426574707
-8.454442977905273
-8.454442977905273
-9.433588027954102
-9.433588027954102
-9.413155555725098
-9.413155555725098
-9.055981636047363
-9.055981636047363
-9.385751724243164
-9.385751724243164
-9.343385696411133
-9.343385696411133
-9.007925033569336
-9.007925033569336
-9.027467727661133
-9.027467727661133
-8.819110870361328
-8.819110870361328
-8.687603950500488
-8.687603950500488
-9.422719955444336
-9.422719955444336
-9.402093887329102
-9.402093887329102
-9.093460083007812
-9.093460083007812
-9.374913215637207
-9.374913215637207
-9.332399368286133
-9.332399368286133
-9.045478820800781
-9.045478820800781
-8.653543472290039
-8.653543472290039
-8.61512279510498
-8.61512279510498
-8.369241714477539
-8.369241714477539
-8.722024917602539
-8.722024917602539
-8.755823135375977
-8.755823135375977
-8.191292762756348
-8.191292762756348
-8.672057151794434
-8.672057151794434
-8.683141708374023
-8.683141708374023
-8.141422271728516
-8.141422271728516
-8.35418701171875
-8.35418701171875
-8.255365371704102
-8.255365371704102
-7.882414817810059
-7.882414817810059
-8.95825481414795
-8.95825481414795
-9.025094985961914
-9.025094985961914
-8.316961288452148
-8.316961288452148
-8.908295631408691
-8.908295631408691
-8.952430725097656
-8.952430725097656
-8.267106056213379
-8.267106056213379
-8.559844017028809
-8.559844017028809
-8.410280227661133
-8.410280227661133
-7.942911148071289
-7.942911148071289
-9.167994499206543
-9.167994499206543
-9.129361152648926
-9.129361152648926
-8.631026268005371
-8.631026268005371
-9.11998176574707
-9.11998176574707
-9.059605598449707
-9.059605598449707
-8.583229064941406
-8.583229064941406
-8.45260238647461
-8.45260238647461
-8.395156860351562
-8.395156860351562
-7.955806255340576
-7.955806255340576
-9.110157012939453
-9.110157012939453
-9.012628555297852
-9.012628555297852
-8.456871032714844
-8.456871032714844
-9.06185531616211
-9.06185531616211
-8.942700386047363
-8.942700386047363
-8.409200668334961
-8.409200668334961
-8.728630065917969
-8.728630065917969
-8.50705337524414
-8.50705337524414
-8.135355949401855
-8.135355949401855
-8.955362319946289
-8.955362319946289
-8.924501419067383
-8.924501419067383
-8.271635055541992
-8.271635055541992
-8.905284881591797
-8.905284881591797
-8.851791381835938
-8.851791381835938
-8.221874237060547
-8.221874237060547
-8.531805992126465
-8.531805992126465
-8.298982620239258
-8.298982620239258
-7.876914978027344
-7.876914978027344
-8.697454452514648
-8.697454452514648
-8.631174087524414
-8.631174087524414
-8.250516891479492
-8.250516891479492
-8.647382736206055
-8.647382736206055
-8.558480262756348
-8.558480262756348
-8.200765609741211
-8.200765609741211
-8.030472755432129
-8.030472755432129
-7.94130802154541
-7.94130802154541
-7.6207756996154785
-7.6207756996154785
-9.157470703125
-9.157470703125
-8.93525218963623
-8.93525218963623
-8.773752212524414
-8.773752212524414
-9.108942031860352
-9.108942031860352
-8.865217208862305
-8.865217208862305
-8.72622299194336
-8.72622299194336
-8.762041091918945
-8.762041091918945
-8.369787216186523
-8.369787216186523
-8.428581237792969
-8.428581237792969
-9.281110763549805
-9.281110763549805
-9.073379516601562
-9.073379516601562
-8.955850601196289
-8.955850601196289
-9.232593536376953
-9.232593536376953
-9.003376007080078
-9.003376007080078
-8.908354759216309
-8.908354759216309
-8.573076248168945
-8.573076248168945
-8.36599063873291
-8.36599063873291
-8.323982238769531
-8.323982238769531
-9.203289031982422
-9.203289031982422
-9.190958023071289
-9.190958023071289
-9.00143051147461
-9.00143051147461
-9.153514862060547
-9.153514862060547
-9.120067596435547
-9.120067596435547
-8.954282760620117
-8.954282760620117
-8.801656723022461
-8.801656723022461
-8.616039276123047
-8.616039276123047
-8.654294967651367
-8.654294967651367
-9.230504035949707
-9.230504035949707
-9.331475257873535
-9.331475257873535
-9.150575637817383
-9.150575637817383
-9.180339813232422
-9.180339813232422
-9.260322570800781
-9.260322570800781
-9.103551864624023
-9.103551864624023
-8.521204948425293
-8.521204948425293
-8.605932235717773
-8.605932235717773
-8.488036155700684
-8.488036155700684
-9.135208129882812
-9.135208129882812
-9.324359893798828
-9.324359893798828
-9.106019973754883
-9.106019973754883
-9.084196090698242
-9.084196090698242
-9.252609252929688
-9.252609252929688
-9.059233665466309
-9.059233665466309
-8.734394073486328
-8.734394073486328
-8.745018005371094
-8.745018005371094
-8.749785423278809
-8.749785423278809
-9.16828441619873
-9.16828441619873
-9.400466918945312
-9.400466918945312
-9.219337463378906
-9.219337463378906
-9.115747451782227
-9.115747451782227
-9.327629089355469
-9.327629089355469
-9.172954559326172
-9.172954559326172
-8.470684051513672
-8.470684051513672
-8.676965713500977
-8.676965713500977
-8.551551818847656
-8.551551818847656
-9.1787109375
-9.1787109375
-9.372390747070312
-9.372390747070312
-9.137565612792969
-9.137565612792969
-9.128520965576172
-9.128520965576172
-9.301258087158203
-9.301258087158203
-9.090607643127441
-9.090607643127441
-8.770313262939453
-8.770313262939453
-8.790962219238281
-8.790962219238281
-8.787456512451172
-8.787456512451172
-9.185735702514648
-9.185735702514648
-9.43497085571289
-9.43497085571289
-9.255270004272461
-9.255270004272461
-9.13488483428955
-9.13488483428955
-9.363371849060059
-9.363371849060059
-9.20849609375
-9.20849609375
-8.456705093383789
-8.456705093383789
-8.69294548034668
-8.69294548034668
-8.577566146850586
-8.577566146850586
-8.866843223571777
-8.866843223571777
-9.33997917175293
-9.33997917175293
-9.196182250976562
-9.196182250976562
-8.805902481079102
-8.805902481079102
-9.261106491088867
-9.261106491088867
-9.151966094970703
-9.151966094970703
-8.439172744750977
-8.439172744750977
-8.744100570678711
-8.744100570678711
-8.844386100769043
-8.844386100769043
-8.842058181762695
-8.842058181762695
-9.405815124511719
-9.405815124511719
-9.327945709228516
-9.327945709228516
-8.830023765563965
-8.830023765563965
-9.362248420715332
-9.362248420715332
-9.271404266357422
-9.271404266357422
-8.243133544921875
-8.243133544921875
-8.750343322753906
-8.750343322753906
-8.667895317077637
-8.667895317077637
-9.229471206665039
-9.229471206665039
-9.584062576293945
-9.584062576293945
-9.323775291442871
-9.323775291442871
-9.185674667358398
-9.185674667358398
-9.517578125
-9.517578125
-9.275256156921387
-9.275256156921387
-8.869155883789062
-8.869155883789062
-9.033441543579102
-9.033441543579102
-8.986221313476562
-8.986221313476562
-9.506696701049805
-9.506696701049805
-9.750859260559082
-9.750859260559082
-9.458443641662598
-9.458443641662598
-9.461485862731934
-9.461485862731934
-9.683358192443848
-9.683358192443848
-9.410290718078613
-9.410290718078613
-8.808403015136719
-8.808403015136719
-9.019092559814453
-9.019092559814453
-8.77835464477539
-8.77835464477539
-9.556013107299805
-9.556013107299805
-9.753190040588379
-9.753190040588379
-9.40102481842041
-9.40102481842041
-9.510791778564453
-9.510791778564453
-9.685688018798828
-9.685688018798828
-9.35288143157959
-9.35288143157959
-9.18177318572998
-9.18177318572998
-9.19222354888916
-9.19222354888916
-9.063044548034668
-9.063044548034668
-9.680367469787598
-9.680367469787598
-9.85566234588623
-9.85566234588623
-9.520008087158203
-9.520008087158203
-9.634453773498535
-9.634453773498535
-9.787664413452148
-9.787664413452148
-9.472047805786133
-9.472047805786133
-8.966678619384766
-8.966678619384766
-9.111167907714844
-9.111167907714844
-8.83321762084961
-8.83321762084961
-9.636248588562012
-9.636248588562012
-9.809358596801758
-9.809358596801758
-9.443309783935547
-9.443309783935547
-9.590864181518555
-9.590864181518555
-9.741748809814453
-9.741748809814453
-9.395219802856445
-9.395219802856445
-9.263490676879883
-9.263490676879883
-9.249946594238281
-9.249946594238281
-9.107195854187012
-9.107195854187012
-9.746295928955078
-9.746295928955078
-9.905462265014648
-9.905462265014648
-9.560527801513672
-9.560527801513672
-9.70029067993164
-9.70029067993164
-9.837406158447266
-9.837406158447266
-9.51259994506836
-9.51259994506836
-9.03531265258789
-9.03531265258789
-9.162771224975586
-9.162771224975586
-8.876700401306152
-8.876700401306152
-9.748906135559082
-9.748906135559082
-9.88953971862793
-9.88953971862793
-9.498035430908203
-9.498035430908203
-9.702885627746582
-9.702885627746582
-9.821475982666016
-9.821475982666016
-9.450119018554688
-9.450119018554688
-9.380489349365234
-9.380489349365234
-9.33366584777832
-9.33366584777832
-9.16732406616211
-9.16732406616211
-9.878963470458984
-9.878963470458984
-9.999157905578613
-9.999157905578613
-9.620672225952148
-9.620672225952148
-9.832571029663086
-9.832571029663086
-9.930828094482422
-9.930828094482422
-9.572850227355957
-9.572850227355957
-9.16642951965332
-9.16642951965332
-9.254350662231445
-9.254350662231445
-8.938650131225586
-8.938650131225586
-9.924850463867188
-9.924850463867188
-10.015690803527832
-10.015690803527832
-9.575176239013672
-9.575176239013672
-9.878223419189453
-9.878223419189453
-9.947193145751953
-9.947193145751953
-9.527417182922363
-9.527417182922363
-9.556768417358398
-9.556768417358398
-9.458806991577148
-9.458806991577148
-9.247940063476562
-9.247940063476562
-10.045450210571289
-10.045450210571289
-10.11885929107666
-10.11885929107666
-9.69453239440918
-9.69453239440918
-9.99864387512207
-9.99864387512207
-10.050233840942383
-10.050233840942383
-9.64682388305664
-9.64682388305664
-9.31749153137207
-9.31749153137207
-9.360065460205078
-9.360065460205078
-9.003263473510742
-9.003263473510742
-10.013323783874512
-10.013323783874512
-10.077725410461426
-10.077725410461426
-9.619640350341797
-9.619640350341797
-9.96652603149414
-9.96652603149414
-10.00910758972168
-10.00910758972168
-9.571930885314941
-9.571930885314941
-9.642168045043945
-9.642168045043945
-9.517975807189941
-9.517975807189941
-9.291105270385742
-9.291105270385742
-10.092459678649902
-10.092459678649902
-10.15206241607666
-10.15206241607666
-9.727523803710938
-9.727523803710938
-10.045525550842285
-10.045525550842285
-10.083349227905273
-10.083349227905273
-9.679850578308105
-9.679850578308105
-9.357629776000977
-9.357629776000977
-9.387748718261719
-9.387748718261719
-9.031485557556152
-9.031485557556152
-10.000581741333008
-10.000581741333008
-10.06495475769043
-10.06495475769043
-9.629279136657715
-9.629279136657715
-9.953767776489258
-9.953767776489258
-9.996330261230469
-9.996330261230469
-9.581578254699707
-9.581578254699707
-9.629509925842285
-9.629509925842285
-9.506402969360352
-9.506402969360352
-9.30056381225586
-9.30056381225586
-10.067571640014648
-10.067571640014648
-10.131534576416016
-10.131534576416016
-9.735038757324219
-9.735038757324219
-10.020626068115234
-10.020626068115234
-10.062816619873047
-10.062816619873047
-9.687373161315918
-9.687373161315918
-9.338427543640137
-9.338427543640137
-9.373106002807617
-9.373106002807617
-9.04373550415039
-9.04373550415039
-10.003976821899414
-10.003976821899414
-10.066768646240234
-10.066768646240234
-9.64942455291748
-9.64942455291748
-9.957077026367188
-9.957077026367188
-9.998083114624023
-9.998083114624023
-9.601749420166016
-9.601749420166016
-9.634886741638184
-9.634886741638184
-9.510294914245605
-9.510294914245605
-9.322406768798828
-9.322406768798828
-10.08100700378418
-10.08100700378418
-10.1400785446167
-10.1400785446167
-9.757802963256836
-9.757802963256836
-10.033995628356934
-10.033995628356934
-10.071313858032227
-10.071313858032227
-9.710156440734863
-9.710156440734863
-9.352198600769043
-9.352198600769043
-9.382453918457031
-9.382453918457031
-9.067123413085938
-9.067123413085938
-10.01675796508789
-10.01675796508789
-10.072120666503906
-10.072120666503906
-9.671375274658203
-9.671375274658203
-9.969730377197266
-9.969730377197266
-10.003345489501953
-10.003345489501953
-9.623735427856445
-9.623735427856445
-9.647031784057617
-9.647031784057617
-9.515336990356445
-9.515336990356445
-9.344022750854492
-9.344022750854492
-10.092634201049805
-10.092634201049805
-10.14715576171875
-10.14715576171875
-9.804413795471191
-9.804413795471191
-10.045525550842285
-10.045525550842285
-10.07832145690918
-10.07832145690918
-9.756793975830078
-9.756793975830078
-9.376354217529297
-9.376354217529297
-9.407716751098633
-9.407716751098633
-9.129493713378906
-9.129493713378906
-10.025835037231445
-10.025835037231445
-10.075682640075684
-10.075682640075684
-9.901956558227539
-9.901956558227539
-9.97870922088623
-9.97870922088623
-10.006837844848633
-10.006837844848633
-9.854341506958008
-9.854341506958008
-9.584452629089355
-9.584452629089355
-9.398706436157227
-9.398706436157227
-9.479920387268066
-9.479920387268066
-9.72077751159668
-9.72077751159668
-9.681154251098633
-9.681154251098633
-9.84807014465332
-9.84807014465332
-9.673589706420898
-9.673589706420898
-9.612264633178711
-9.612264633178711
-9.800472259521484
-9.800472259521484
-8.701800346374512
-8.701800346374512
-8.800609588623047
-8.800609588623047
-8.85078239440918
-8.85078239440918
10.109258651733398
10.109258651733398
11.034079551696777
11.034079551696777
11.480531692504883
11.480531692504883
9.996950149536133
9.996950149536133
10.571399688720703
10.571399688720703
10.824590682983398
10.824590682983398
10.107227325439453
10.107227325439453
10.50942611694336
10.50942611694336
10.681119918823242
10.681119918823242
10.204704284667969
10.204704284667969
10.601974487304688
10.601974487304688
10.633284568786621
10.633284568786621
10.096845626831055
10.096845626831055
10.394206047058105
10.394206047058105
10.398721694946289
10.398721694946289
10.091769218444824
10.091769218444824
10.430599212646484
10.430599212646484
10.284453392028809
10.284453392028809
10.038087844848633
10.038087844848633
10.331865310668945
10.331865310668945
10.109920501708984
10.109920501708984
9.930768966674805
9.930768966674805
10.159272193908691
10.159272193908691
9.93358039855957
9.93358039855957
10.042116165161133
10.042116165161133
10.167972564697266
10.167972564697266
9.925956726074219
9.925956726074219
10.032470703125
10.032470703125
10.216575622558594
10.216575622558594
9.955390930175781
9.955390930175781
9.925191879272461
9.925191879272461
10.058079719543457
10.058079719543457
9.802568435668945
9.802568435668945
9.947410583496094
9.947410583496094
10.157939910888672
10.157939910888672
9.769234657287598
9.769234657287598
9.902527809143066
9.902527809143066
10.069934844970703
10.069934844970703
9.737277030944824
9.737277030944824
9.795480728149414
9.795480728149414
9.91915512084961
9.91915512084961
9.597105979919434
9.597105979919434
9.893774032592773
9.893774032592773
9.930356979370117
9.930356979370117
9.598406791687012
9.598406791687012
9.85806655883789
9.85806655883789
9.968369483947754
9.968369483947754
9.65054988861084
9.65054988861084
9.750909805297852
9.750909805297852
9.82221794128418
9.82221794128418
9.518232345581055
9.518232345581055
9.765748977661133
9.765748977661133
9.930994987487793
9.930994987487793
9.499122619628906
9.499122619628906
9.540851593017578
9.540851593017578
9.678104400634766
9.678104400634766
9.339705467224121
9.339705467224121
9.433897972106934
9.433897972106934
9.535255432128906
9.535255432128906
9.212696075439453
9.212696075439453
9.549497604370117
9.549497604370117
9.579717636108398
9.579717636108398
9.244636535644531
9.244636535644531
9.52806568145752
9.52806568145752
9.624773025512695
9.624773025512695
9.312627792358398
9.312627792358398
9.420967102050781
9.420967102050781
9.484108924865723
9.484108924865723
9.189417839050293
9.189417839050293
9.57675552368164
9.57675552368164
9.741981506347656
9.741981506347656
9.301292419433594
9.301292419433594
9.664154052734375
9.664154052734375
9.757913589477539
9.757913589477539
9.367368698120117
9.367368698120117
9.556903839111328
9.556903839111328
9.618846893310547
9.618846893310547
9.246992111206055
9.246992111206055
9.697418212890625
9.697418212890625
9.685602188110352
9.685602188110352
9.302749633789062
9.302749633789062
9.770743370056152
9.770743370056152
9.804118156433105
9.804118156433105
9.421476364135742
9.421476364135742
9.663395881652832
9.663395881652832
9.666292190551758
9.666292190551758
9.303277015686035
9.303277015686035
9.788244247436523
9.788244247436523
9.892918586730957
9.892918586730957
9.39315414428711
9.39315414428711
9.904561042785645
9.904561042785645
9.940404891967773
9.940404891967773
9.483592987060547
9.483592987060547
9.797182083129883
9.797182083129883
9.803581237792969
9.803581237792969
9.367103576660156
9.367103576660156
9.933250427246094
9.933250427246094
9.86355209350586
9.86355209350586
9.420095443725586
9.420095443725586
9.99129581451416
9.99129581451416
9.975702285766602
9.975702285766602
9.535065650939941
9.535065650939941
9.883838653564453
9.883838653564453
9.839649200439453
9.839649200439453
9.419943809509277
9.419943809509277
9.967910766601562
9.967910766601562
10.024465560913086
10.024465560913086
9.47689437866211
9.47689437866211
10.047472953796387
10.047472953796387
10.044685363769531
10.044685363769531
9.545194625854492
9.545194625854492
9.939878463745117
9.939878463745117
9.909210205078125
9.909210205078125
9.431183815002441
9.431183815002441
10.071006774902344
10.071006774902344
9.963768005371094
9.963768005371094
9.481524467468262
9.481524467468262
10.10811710357666
10.10811710357666
10.06273078918457
10.06273078918457
9.588176727294922
9.588176727294922
10.00047779083252
10.00047779083252
9.927774429321289
9.927774429321289
9.475078582763672
9.475078582763672
10.067554473876953
10.067554473876953
10.09596061706543
10.09596061706543
9.520111083984375
9.520111083984375
10.134029388427734
10.134029388427734
10.107425689697266
10.107425689697266
9.582127571105957
9.582127571105957
10.026247024536133
10.026247024536133
9.972831726074219
9.972831726074219
9.469785690307617
9.469785690307617
10.155056953430176
10.155056953430176
10.024656295776367
10.024656295776367
9.519044876098633
9.519044876098633
10.182319641113281
10.182319641113281
10.117480278015137
10.117480278015137
9.621858596801758
9.621858596801758
10.074520111083984
10.074520111083984
9.983251571655273
9.983251571655273
9.510147094726562
9.510147094726562
10.130783081054688
10.130783081054688
10.141143798828125
10.141143798828125
9.54779052734375
9.54779052734375
10.181110382080078
10.181110382080078
10.1370849609375
10.1370849609375
9.594813346862793
9.594813346862793
10.072979927062988
10.072979927062988
10.002967834472656
10.002967834472656
9.483636856079102
9.483636856079102
10.201532363891602
10.201532363891602
10.055242538452148
10.055242538452148
9.534611701965332
9.534611701965332
10.223670959472656
10.223670959472656
10.144424438476562
10.144424438476562
9.634925842285156
9.634925842285156
10.115565299987793
10.115565299987793
10.010589599609375
10.010589599609375
9.524198532104492
9.524198532104492
10.173717498779297
10.173717498779297
10.17186164855957
10.17186164855957
9.566858291625977
9.566858291625977
10.236620903015137
10.236620903015137
10.179191589355469
10.179191589355469
9.623125076293945
9.623125076293945
10.128250122070312
10.128250122070312
10.045419692993164
10.045419692993164
9.512779235839844
9.512779235839844
10.257031440734863
10.257031440734863
10.097537994384766
10.097537994384766
9.564685821533203
9.564685821533203
10.279297828674316
10.279297828674316
10.187368392944336
10.187368392944336
9.665159225463867
9.665159225463867
10.170977592468262
10.170977592468262
10.053823471069336
10.053823471069336
9.55514144897461
9.55514144897461
10.222281455993652
10.222281455993652
10.208890914916992
10.208890914916992
9.593785285949707
9.593785285949707
10.27362060546875
10.27362060546875
10.203588485717773
10.203588485717773
9.636537551879883
9.636537551879883
10.164892196655273
10.164892196655273
10.069953918457031
10.069953918457031
9.526799201965332
9.526799201965332
10.292464256286621
10.292464256286621
10.121227264404297
10.121227264404297
9.578767776489258
9.578767776489258
10.308917999267578
10.308917999267578
10.206273078918457
10.206273078918457
9.676633834838867
9.676633834838867
10.200272560119629
10.200272560119629
10.072834968566895
10.072834968566895
9.567134857177734
9.567134857177734
10.249853134155273
10.249853134155273
10.227283477783203
10.227283477783203
9.607087135314941
9.607087135314941
10.291701316833496
10.291701316833496
10.210115432739258
10.210115432739258
9.648807525634766
9.648807525634766
10.182549476623535
10.182549476623535
10.076482772827148
10.076482772827148
9.539517402648926
9.539517402648926
10.290596008300781
10.290596008300781
10.106527328491211
10.106527328491211
9.571500778198242
9.571500778198242
10.267631530761719
10.267631530761719
10.162306785583496
10.162306785583496
9.639287948608398
9.639287948608398
10.158590316772461
10.158590316772461
10.028848648071289
10.028848648071289
9.530174255371094
9.530174255371094
10.167396545410156
10.167396545410156
10.153045654296875
10.153045654296875
9.537679672241211
9.537679672241211
9.919183731079102
9.919183731079102
9.908683776855469
9.908683776855469
9.194007873535156
9.194007873535156
9.804059028625488
9.804059028625488
9.76810359954834
9.76810359954834
9.079340934753418
9.079340934753418
9.988951683044434
9.988951683044434
9.916468620300293
9.916468620300293
9.235326766967773
9.235326766967773
10.115909576416016
10.115909576416016
10.095876693725586
10.095876693725586
9.34328842163086
9.34328842163086
10.000818252563477
10.000818252563477
9.955337524414062
9.955337524414062
9.228658676147461
9.228658676147461
10.1029052734375
10.1029052734375
9.965595245361328
9.965595245361328
9.251567840576172
9.251567840576172
10.09741497039795
10.09741497039795
10.002826690673828
10.002826690673828
9.37228012084961
9.37228012084961
9.987676620483398
9.987676620483398
9.869104385375977
9.869104385375977
9.263458251953125
9.263458251953125
10.061286926269531
10.061286926269531
10.0555419921875
10.0555419921875
9.328967094421387
9.328967094421387
10.088274002075195
10.088274002075195
9.975184440612793
9.975184440612793
9.266443252563477
9.266443252563477
9.977533340454102
9.977533340454102
9.840902328491211
9.840902328491211
9.15774154663086
9.15774154663086
10.141303062438965
10.141303062438965
9.973077774047852
9.973077774047852
9.293584823608398
9.293584823608398
10.137042999267578
10.137042999267578
10.061731338500977
10.061731338500977
9.288509368896484
9.288509368896484
10.0215425491333
10.0215425491333
9.921018600463867
9.921018600463867
9.174022674560547
9.174022674560547
10.104805946350098
10.104805946350098
9.926692962646484
9.926692962646484
9.192598342895508
9.192598342895508
9.907645225524902
9.907645225524902
9.833218574523926
9.833218574523926
9.159345626831055
9.159345626831055
9.7921724319458
9.7921724319458
9.692540168762207
9.692540168762207
9.044881820678711
9.044881820678711
9.927592277526855
9.927592277526855
9.939617156982422
9.939617156982422
9.178014755249023
9.178014755249023
10.142847061157227
10.142847061157227
9.956018447875977
9.956018447875977
9.330000877380371
9.330000877380371
10.03132438659668
10.03132438659668
9.821356773376465
9.821356773376465
9.221488952636719
9.221488952636719
10.161796569824219
10.161796569824219
9.895369529724121
9.895369529724121
9.306232452392578
9.306232452392578
10.21805191040039
10.21805191040039
10.00256061553955
10.00256061553955
9.427629470825195
9.427629470825195
10.106576919555664
10.106576919555664
9.867973327636719
9.867973327636719
9.319192886352539
9.319192886352539
10.181583404541016
10.181583404541016
10.102194786071777
10.102194786071777
9.474721908569336
9.474721908569336
10.182634353637695
10.182634353637695
10.130753517150879
10.130753517150879
9.603580474853516
9.603580474853516
10.0667724609375
10.0667724609375
9.993452072143555
9.993452072143555
9.495231628417969
9.495231628417969
10.18667984008789
10.18667984008789
10.050772666931152
10.050772666931152
9.565258026123047
9.565258026123047
10.182394027709961
10.182394027709961
10.153346061706543
10.153346061706543
9.688359260559082
9.688359260559082
10.065183639526367
10.065183639526367
10.015231132507324
10.015231132507324
9.580074310302734
9.580074310302734
10.151115417480469
10.151115417480469
10.215002059936523
10.215002059936523
9.663597106933594
9.663597106933594
10.151174545288086
10.151174545288086
10.20279312133789
10.20279312133789
9.725566864013672
9.725566864013672
10.031005859375
10.031005859375
10.06285285949707
10.06285285949707
9.617345809936523
9.617345809936523
10.150814056396484
10.150814056396484
10.112882614135742
10.112882614135742
9.674485206604004
9.674485206604004
10.14689826965332
10.14689826965332
10.194869995117188
10.194869995117188
9.777200698852539
9.777200698852539
10.021414756774902
10.021414756774902
10.051616668701172
10.051616668701172
9.669048309326172
9.669048309326172
10.13412857055664
10.13412857055664
10.25601577758789
10.25601577758789
9.73581600189209
9.73581600189209
10.212393760681152
10.212393760681152
10.258623123168945
10.258623123168945
9.763677597045898
9.763677597045898
10.095100402832031
10.095100402832031
10.120534896850586
10.120534896850586
9.655524253845215
9.655524253845215
10.204341888427734
10.204341888427734
10.165114402770996
10.165114402770996
9.715381622314453
9.715381622314453
10.19437313079834
10.19437313079834
10.244470596313477
10.244470596313477
9.812605857849121
9.812605857849121
10.074775695800781
10.074775695800781
10.104955673217773
10.104955673217773
9.704498291015625
9.704498291015625
10.125677108764648
10.125677108764648
10.275737762451172
10.275737762451172
9.768819808959961
9.768819808959961
9.986974716186523
9.986974716186523
10.20321273803711
10.20321273803711
9.833487510681152
9.833487510681152
9.832179069519043
9.832179069519043
10.041618347167969
10.041618347167969
9.725576400756836
9.725576400756836
9.897485733032227
9.897485733032227
10.058320999145508
10.058320999145508
9.782670974731445
9.782670974731445
9.840535163879395
9.840535163879395
10.115230560302734
10.115230560302734
9.893970489501953
9.893970489501953
9.856361389160156
9.856361389160156
10.060768127441406
10.060768127441406
9.785266876220703
9.785266876220703
10.0767183303833
10.0767183303833
10.333337783813477
10.333337783813477
9.872889518737793
9.872889518737793
10.278570175170898
10.278570175170898
10.425369262695312
10.425369262695312
9.98870849609375
9.98870849609375
10.183589935302734
10.183589935302734
10.301355361938477
10.301355361938477
9.880558013916016
9.880558013916016
10.356752395629883
10.356752395629883
10.383535385131836
10.383535385131836
9.952631950378418
9.952631950378418
10.466096878051758
10.466096878051758
10.51685905456543
10.51685905456543
10.068605422973633
10.068605422973633
10.36617660522461
10.36617660522461
10.389755249023438
10.389755249023438
9.960498809814453
9.960498809814453
10.455121040344238
10.455121040344238
10.563495635986328
10.563495635986328
10.001248359680176
10.001248359680176
10.53658676147461
10.53658676147461
10.593639373779297
10.593639373779297
10.090435028076172
10.090435028076172
10.436635971069336
10.436635971069336
10.466526985168457
10.466526985168457
9.982344627380371
9.982344627380371
10.587007522583008
10.587007522583008
10.530744552612305
10.530744552612305
10.047269821166992
10.047269821166992
10.618236541748047
10.618236541748047
10.629565238952637
10.629565238952637
10.147684097290039
10.147684097290039
10.515869140625
10.515869140625
10.500944137573242
10.500944137573242
10.039620399475098
10.039620399475098
10.575529098510742
10.575529098510742
10.650257110595703
10.650257110595703
10.066641807556152
10.066641807556152
10.613018035888672
10.613018035888672
10.6578369140625
10.6578369140625
10.143182754516602
10.143182754516602
10.512502670288086
10.512502670288086
10.530387878417969
10.530387878417969
10.035123825073242
10.035123825073242
10.662994384765625
10.662994384765625
10.594491004943848
10.594491004943848
10.101264953613281
10.101264953613281
10.685001373291016
10.685001373291016
10.68850326538086
10.68850326538086
10.198173522949219
10.198173522949219
10.582317352294922
10.582317352294922
10.559698104858398
10.559698104858398
10.09013557434082
10.09013557434082
10.646047592163086
10.646047592163086
10.711662292480469
10.711662292480469
10.119647979736328
10.119647979736328
10.723962783813477
10.723962783813477
10.748967170715332
10.748967170715332
10.212207794189453
10.212207794189453
10.621225357055664
10.621225357055664
10.620134353637695
10.620134353637695
10.104179382324219
10.104179382324219
10.774940490722656
10.774940490722656
10.686626434326172
10.686626434326172
10.174703598022461
10.174703598022461
10.806411743164062
10.806411743164062
10.786949157714844
10.786949157714844
10.273465156555176
10.273465156555176
10.70237922668457
10.70237922668457
10.657307624816895
10.657307624816895
10.165451049804688
10.165451049804688
10.761199951171875
10.761199951171875
10.804170608520508
10.804170608520508
10.193338394165039
10.193338394165039
10.884828567504883
10.884828567504883
10.879005432128906
10.879005432128906
10.309429168701172
10.309429168701172
10.779970169067383
10.779970169067383
10.748849868774414
10.748849868774414
10.201425552368164
10.201425552368164
10.93014144897461
10.93014144897461
10.810652732849121
10.810652732849121
10.271148681640625
10.271148681640625
10.957934379577637
10.957934379577637
10.910459518432617
10.910459518432617
10.367681503295898
10.367681503295898
10.85245132446289
10.85245132446289
10.779916763305664
10.779916763305664
10.259687423706055
10.259687423706055
10.881394386291504
10.881394386291504
10.899070739746094
10.899070739746094
10.268573760986328
10.268573760986328
10.968276023864746
10.968276023864746
10.947843551635742
10.947843551635742
10.364400863647461
10.364400863647461
10.862823486328125
10.862823486328125
10.817323684692383
10.817323684692383
10.256414413452148
10.256414413452148
11.006647109985352
11.006647109985352
10.872864723205566
10.872864723205566
10.322341918945312
10.322341918945312
11.013108253479004
11.013108253479004
10.959505081176758
10.959505081176758
10.409928321838379
10.409928321838379
10.907185554504395
10.907185554504395
10.828693389892578
10.828693389892578
10.301948547363281
10.301948547363281
10.923555374145508
10.923555374145508
10.93681812286377
10.93681812286377
10.303363800048828
10.303363800048828
10.97265338897705
10.97265338897705
10.955227851867676
10.955227851867676
10.375785827636719
10.375785827636719
10.867151260375977
10.867151260375977
10.82468032836914
10.82468032836914
10.26780891418457
10.26780891418457
11.01077651977539
11.01077651977539
10.8807373046875
10.8807373046875
10.334634780883789
10.334634780883789
11.009654998779297
11.009654998779297
10.96180534362793
10.96180534362793
10.418357849121094
10.418357849121094
10.903694152832031
10.903694152832031
10.830974578857422
10.830974578857422
10.310388565063477
10.310388565063477
10.93051528930664
10.93051528930664
10.949825286865234
10.949825286865234
10.32115364074707
10.32115364074707
10.995201110839844
10.995201110839844
10.979537963867188
10.979537963867188
10.400997161865234
10.400997161865234
10.889391899108887
10.889391899108887
10.848804473876953
10.848804473876953
10.293027877807617
10.293027877807617
11.034830093383789
11.034830093383789
10.906400680541992
10.906400680541992
10.361856460571289
10.361856460571289
11.038420677185059
11.038420677185059
10.990347862243652
10.990347862243652
10.44655990600586
10.44655990600586
10.932228088378906
10.932228088378906
10.859375
10.859375
10.338597297668457
10.338597297668457
10.959360122680664
10.959360122680664
10.978845596313477
10.978845596313477
10.350624084472656
10.350624084472656
11.023469924926758
11.023469924926758
11.005716323852539
11.005716323852539
10.425512313842773
10.425512313842773
10.917220115661621
10.917220115661621
10.874707221984863
10.874707221984863
10.31755256652832
10.31755256652832
11.062618255615234
11.062618255615234
10.933076858520508
10.933076858520508
10.387870788574219
10.387870788574219
11.064990043640137
11.064990043640137
11.016735076904297
11.016735076904297
10.479622840881348
10.479622840881348
10.958454132080078
10.958454132080078
10.88554859161377
10.88554859161377
10.371665000915527
10.371665000915527
10.990345001220703
10.990345001220703
11.010335922241211
11.010335922241211
10.392251968383789
10.392251968383789
11.053549766540527
11.053549766540527
11.033506393432617
11.033506393432617
10.527716636657715
10.527716636657715
10.946958541870117
10.946958541870117
10.902287483215332
10.902287483215332
10.419761657714844
10.419761657714844
11.010138511657715
11.010138511657715
10.842042922973633
10.842042922973633
10.372053146362305
10.372053146362305
10.825916290283203
10.825916290283203
10.750260353088379
10.750260353088379
10.374580383300781
10.374580383300781
10.719108581542969
10.719108581542969
10.61890697479248
10.61890697479248
10.26662826538086
10.26662826538086
10.372785568237305
10.372785568237305
10.487665176391602
10.487665176391602
9.982897758483887
9.982897758483887
12.559779167175293
12.559779167175293
13.213326454162598
13.213326454162598
11.785931587219238
11.785931587219238
8.914482116699219
8.914482116699219
9.869215965270996
9.869215965270996
9.77679443359375
9.77679443359375
8.869468688964844
8.869468688964844
9.788957595825195
9.788957595825195
9.695701599121094
9.695701599121094
7.938592910766602
7.938592910766602
8.834572792053223
8.834572792053223
8.797178268432617
8.797178268432617
8.541900634765625
8.541900634765625
9.328073501586914
9.328073501586914
9.5061674118042
9.5061674118042
8.491307258605957
8.491307258605957
9.26376724243164
9.26376724243164
9.447195053100586
9.447195053100586
7.478778839111328
7.478778839111328
8.286837577819824
8.286837577819824
8.457720756530762
8.457720756530762
8.361255645751953
8.361255645751953
9.082313537597656
9.082313537597656
8.97734260559082
8.97734260559082
8.30988883972168
8.30988883972168
9.020210266113281
9.020210266113281
8.921426773071289
8.921426773071289
7.389725685119629
7.389725685119629
8.080155372619629
8.080155372619629
8.037996292114258
8.037996292114258
8.274044036865234
8.274044036865234
8.93259334564209
8.93259334564209
8.763376235961914
8.763376235961914
8.222362518310547
8.222362518310547
8.871377944946289
8.871377944946289
8.708700180053711
8.708700180053711
7.2121734619140625
7.2121734619140625
7.899610996246338
7.899610996246338
7.7235212326049805
7.7235212326049805
8.092473983764648
8.092473983764648
8.75776481628418
8.75776481628418
8.682985305786133
8.682985305786133
8.040626525878906
8.040626525878906
8.697030067443848
8.697030067443848
8.628972053527832
8.628972053527832
7.11702823638916
7.11702823638916
7.753468990325928
7.753468990325928
7.740490913391113
7.740490913391113
7.948426246643066
7.948426246643066
8.586153030395508
8.586153030395508
8.561726570129395
8.561726570129395
7.896471977233887
7.896471977233887
8.525712966918945
8.525712966918945
8.508130073547363
8.508130073547363
6.884711265563965
6.884711265563965
7.554649353027344
7.554649353027344
7.5204176902771
7.5204176902771
7.516607284545898
7.516607284545898
8.209646224975586
8.209646224975586
8.448380470275879
8.448380470275879
7.46458625793457
7.46458625793457
8.149408340454102
8.149408340454102
8.395058631896973
8.395058631896973
6.542082786560059
6.542082786560059
7.209529876708984
7.209529876708984
7.504676342010498
7.504676342010498
7.413262844085693
7.413262844085693
8.086024284362793
8.086024284362793
8.38204574584961
8.38204574584961
7.361188888549805
7.361188888549805
8.025927543640137
8.025927543640137
8.328927993774414
8.328927993774414
6.363391399383545
6.363391399383545
7.066934585571289
7.066934585571289
7.3533854484558105
7.3533854484558105
7.607467174530029
7.607467174530029
8.26270866394043
8.26270866394043
8.455610275268555
8.455610275268555
7.555353164672852
7.555353164672852
8.202714920043945
8.202714920043945
8.402647018432617
8.402647018432617
6.638399124145508
6.638399124145508
7.26688289642334
7.26688289642334
7.517705917358398
7.517705917358398
7.727817058563232
7.727817058563232
8.332345962524414
8.332345962524414
8.448707580566406
8.448707580566406
7.6756720542907715
7.6756720542907715
8.272432327270508
8.272432327270508
8.39586067199707
8.39586067199707
6.675870895385742
6.675870895385742
7.311208724975586
7.311208724975586
7.419577598571777
7.419577598571777
7.93404483795166
7.93404483795166
8.524782180786133
8.524782180786133
8.529245376586914
8.529245376586914
7.881875991821289
7.881875991821289
8.464932441711426
8.464932441711426
8.476490020751953
8.476490020751953
6.966041564941406
6.966041564941406
7.529261112213135
7.529261112213135
7.593048095703125
7.593048095703125
8.022974014282227
8.022974014282227
8.570619583129883
8.570619583129883
8.513404846191406
8.513404846191406
7.970787048339844
7.970787048339844
8.510820388793945
8.510820388793945
8.460723876953125
8.460723876953125
6.967838287353516
6.967838287353516
7.546607971191406
7.546607971191406
7.4821858406066895
7.4821858406066895
8.119344711303711
8.119344711303711
8.665519714355469
8.665519714355469
8.569537162780762
8.569537162780762
8.06714153289795
8.06714153289795
8.605758666992188
8.605758666992188
8.516918182373047
8.516918182373047
7.151923179626465
7.151923179626465
7.670493125915527
7.670493125915527
7.634120941162109
7.634120941162109
8.160842895507812
8.160842895507812
8.672019958496094
8.672019958496094
8.543975830078125
8.543975830078125
8.108625411987305
8.108625411987305
8.612293243408203
8.612293243408203
8.491405487060547
8.491405487060547
7.104783058166504
7.104783058166504
7.647377967834473
7.647377967834473
7.5123395919799805
7.5123395919799805
8.211331367492676
8.211331367492676
8.727840423583984
8.727840423583984
8.592827796936035
8.592827796936035
8.159102439880371
8.159102439880371
8.66813850402832
8.66813850402832
8.540302276611328
8.540302276611328
7.244715690612793
7.244715690612793
7.733654022216797
7.733654022216797
7.658149242401123
7.658149242401123
8.23062515258789
8.23062515258789
8.715707778930664
8.715707778930664
8.56234073638916
8.56234073638916
8.178386688232422
8.178386688232422
8.656030654907227
8.656030654907227
8.509847640991211
8.509847640991211
7.174151420593262
7.174151420593262
7.691128730773926
7.691128730773926
7.5305609703063965
7.5305609703063965
8.24244213104248
8.24244213104248
8.732043266296387
8.732043266296387
8.601217269897461
8.601217269897461
8.190192222595215
8.190192222595215
8.672380447387695
8.672380447387695
8.548761367797852
8.548761367797852
7.276805877685547
7.276805877685547
7.739227771759033
7.739227771759033
7.667366027832031
7.667366027832031
8.251133918762207
8.251133918762207
8.711265563964844
8.711265563964844
8.570834159851074
8.570834159851074
8.198877334594727
8.198877334594727
8.651618957519531
8.651618957519531
8.518402099609375
8.518402099609375
7.1955790519714355
7.1955790519714355
7.6879119873046875
7.6879119873046875
7.540138244628906
7.540138244628906
8.281024932861328
8.281024932861328
8.746089935302734
8.746089935302734
8.617659568786621
8.617659568786621
8.228761672973633
8.228761672973633
8.686454772949219
8.686454772949219
8.565253257751465
8.565253257751465
7.316542148590088
7.316542148590088
7.754593372344971
7.754593372344971
7.684835910797119
7.684835910797119
8.290815353393555
8.290815353393555
8.726917266845703
8.726917266845703
8.587425231933594
8.587425231933594
8.238548278808594
8.238548278808594
8.667293548583984
8.667293548583984
8.535036087036133
8.535036087036133
7.235283851623535
7.235283851623535
7.704123497009277
7.704123497009277
7.55695915222168
7.55695915222168
8.295063018798828
8.295063018798828
8.732904434204102
8.732904434204102
8.626553535461426
8.626553535461426
8.242786407470703
8.242786407470703
8.673284530639648
8.673284530639648
8.574188232421875
8.574188232421875
7.331362247467041
7.331362247467041
7.742545127868652
7.742545127868652
7.694253444671631
7.694253444671631
8.291097640991211
8.291097640991211
8.700470924377441
8.700470924377441
8.60103702545166
8.60103702545166
8.23882007598877
8.23882007598877
8.640861511230469
8.640861511230469
8.54868221282959
8.54868221282959
7.236526966094971
7.236526966094971
7.679333209991455
7.679333209991455
7.571645736694336
7.571645736694336
8.270683288574219
8.270683288574219
8.676773071289062
8.676773071289062
8.661227226257324
8.661227226257324
8.218395233154297
8.218395233154297
8.617161750793457
8.617161750793457
8.60889720916748
8.60889720916748
7.303955078125
7.303955078125
7.682305335998535
7.682305335998535
7.725382328033447
7.725382328033447
8.175179481506348
8.175179481506348
8.560134887695312
8.560134887695312
8.521045684814453
8.521045684814453
8.12289047241211
8.12289047241211
8.500534057617188
8.500534057617188
8.468721389770508
8.468721389770508
7.114658355712891
7.114658355712891
7.5407490730285645
7.5407490730285645
7.485686302185059
7.485686302185059
7.286099433898926
7.286099433898926
7.695079803466797
7.695079803466797
7.499161720275879
7.499161720275879
7.233691692352295
7.233691692352295
7.635136604309082
7.635136604309082
7.4467573165893555
7.4467573165893555
6.344694137573242
6.344694137573242
6.750917434692383
6.750917434692383
6.590624809265137
6.590624809265137
7.386512756347656
7.386512756347656
7.76215934753418
7.76215934753418
7.489724636077881
7.489724636077881
7.334105491638184
7.334105491638184
7.702218055725098
7.702218055725098
7.437321186065674
7.437321186065674
6.425241470336914
6.425241470336914
6.761783599853516
6.761783599853516
6.55341911315918
6.55341911315918
7.922837257385254
7.922837257385254
8.247797012329102
8.247797012329102
7.9785614013671875
7.9785614013671875
7.870534896850586
7.870534896850586
8.188192367553711
8.188192367553711
7.926270484924316
7.926270484924316
6.867020130157471
6.867020130157471
7.226273059844971
7.226273059844971
6.94782829284668
6.94782829284668
7.9105424880981445
7.9105424880981445
8.172916412353516
8.172916412353516
7.924463272094727
7.924463272094727
7.8582258224487305
7.8582258224487305
8.113298416137695
8.113298416137695
7.872203826904297
7.872203826904297
6.964114189147949
6.964114189147949
7.2282395362854
7.2282395362854
7.011775970458984
7.011775970458984
7.359348297119141
7.359348297119141
7.588278293609619
7.588278293609619
7.437335968017578
7.437335968017578
7.3069329261779785
7.3069329261779785
7.52833366394043
7.52833366394043
7.384950637817383
7.384950637817383
6.400641918182373
6.400641918182373
6.601617336273193
6.601617336273193
6.502882957458496
6.502882957458496
7.161254405975342
7.161254405975342
7.379682540893555
7.379682540893555
7.463344097137451
7.463344097137451
7.10883903503418
7.10883903503418
7.319741725921631
7.319741725921631
7.410959720611572
7.410959720611572
6.122278213500977
6.122278213500977
6.37330436706543
6.37330436706543
6.448067665100098
6.448067665100098
7.906863689422607
7.906863689422607
7.957764625549316
7.957764625549316
8.399295806884766
8.399295806884766
7.854534149169922
7.854534149169922
7.898138999938965
7.898138999938965
8.347066879272461
8.347066879272461
6.946604251861572
6.946604251861572
6.976642608642578
6.976642608642578
7.47154426574707
7.47154426574707
7.969496250152588
7.969496250152588
8.004270553588867
8.004270553588867
8.474767684936523
8.474767684936523
7.917165756225586
7.917165756225586
7.944649696350098
7.944649696350098
8.422542572021484
8.422542572021484
6.9210309982299805
6.9210309982299805
6.992964744567871
6.992964744567871
7.454018592834473
7.454018592834473
7.921237945556641
7.921237945556641
8.331872940063477
8.331872940063477
8.602219581604004
8.602219581604004
7.8688483238220215
7.8688483238220215
8.272173881530762
8.272173881530762
8.550110816955566
8.550110816955566
6.960634231567383
6.960634231567383
7.349296569824219
7.349296569824219
7.6750168800354
7.6750168800354
7.856620788574219
7.856620788574219
8.422039031982422
8.422039031982422
8.614326477050781
8.614326477050781
7.804211616516113
7.804211616516113
8.36231803894043
8.36231803894043
8.562254905700684
8.562254905700684
6.807662010192871
6.807662010192871
7.408975601196289
7.408975601196289
7.590292453765869
7.590292453765869
7.811394691467285
7.811394691467285
8.531224250793457
8.531224250793457
8.689464569091797
8.689464569091797
7.758945465087891
7.758945465087891
8.471451759338379
8.471451759338379
8.637473106384277
8.637473106384277
6.852282524108887
6.852282524108887
7.549063682556152
7.549063682556152
7.76081657409668
7.76081657409668
7.746707916259766
7.746707916259766
8.531845092773438
8.531845092773438
8.66801643371582
8.66801643371582
7.694188594818115
7.694188594818115
8.471979141235352
8.471979141235352
8.61616325378418
8.61616325378418
6.700181007385254
6.700181007385254
7.520247936248779
7.520247936248779
7.644659996032715
7.644659996032715
7.841111183166504
7.841111183166504
8.562151908874512
8.562151908874512
8.714914321899414
8.714914321899414
7.788699150085449
7.788699150085449
8.502433776855469
8.502433776855469
8.662851333618164
8.662851333618164
6.8803019523620605
6.8803019523620605
7.580502510070801
7.580502510070801
7.789122581481934
7.789122581481934
7.7713446617126465
7.7713446617126465
8.538652420043945
8.538652420043945
8.698554992675781
8.698554992675781
7.718901634216309
7.718901634216309
8.47889518737793
8.47889518737793
8.646553993225098
8.646553993225098
6.721214771270752
6.721214771270752
7.524878025054932
7.524878025054932
7.671506404876709
7.671506404876709
7.422615051269531
7.422615051269531
8.597345352172852
8.597345352172852
8.771557807922363
8.771557807922363
7.369703769683838
7.369703769683838
8.536948204040527
8.536948204040527
8.720467567443848
8.720467567443848
6.463166236877441
6.463166236877441
7.616283416748047
7.616283416748047
7.846003532409668
7.846003532409668
7.301827430725098
7.301827430725098
8.61782455444336
8.61782455444336
8.766901016235352
8.766901016235352
7.251188278198242
7.251188278198242
8.560527801513672
8.560527801513672
8.711400985717773
8.711400985717773
6.271714210510254
6.271714210510254
7.619300842285156
7.619300842285156
7.744795799255371
7.744795799255371
7.877413749694824
7.877413749694824
8.8382568359375
8.8382568359375
8.861857414245605
8.861857414245605
7.825298309326172
7.825298309326172
8.778947830200195
8.778947830200195
8.809224128723145
8.809224128723145
6.927922248840332
6.927922248840332
7.865331649780273
7.865331649780273
7.940875053405762
7.940875053405762
8.11712646484375
8.11712646484375
8.905900955200195
8.905900955200195
8.852620124816895
8.852620124816895
8.06494426727295
8.06494426727295
8.846502304077148
8.846502304077148
8.800115585327148
8.800115585327148
7.073220252990723
7.073220252990723
7.896059036254883
7.896059036254883
7.828400611877441
7.828400611877441
8.248510360717773
8.248510360717773
8.998668670654297
8.998668670654297
8.918036460876465
8.918036460876465
8.196328163146973
8.196328163146973
8.93927001953125
8.93927001953125
8.865533828735352
8.865533828735352
7.297173500061035
7.297173500061035
8.024967193603516
8.024967193603516
7.9982733726501465
7.9982733726501465
8.316048622131348
8.316048622131348
9.004925727844238
9.004925727844238
8.896980285644531
8.896980285644531
8.263833999633789
8.263833999633789
8.945486068725586
8.945486068725586
8.844539642333984
8.844539642333984
7.270212173461914
7.270212173461914
7.9939775466918945
7.9939775466918945
7.872275352478027
7.872275352478027
8.331531524658203
8.331531524658203
9.046529769897461
9.046529769897461
8.950477600097656
8.950477600097656
8.279340744018555
8.279340744018555
8.987123489379883
8.987123489379883
8.897991180419922
8.897991180419922
7.381558418273926
7.381558418273926
8.074569702148438
8.074569702148438
8.032024383544922
8.032024383544922
8.378372192382812
8.378372192382812
9.044425964355469
9.044425964355469
8.928414344787598
8.928414344787598
8.326152801513672
8.326152801513672
8.984981536865234
8.984981536865234
8.875984191894531
8.875984191894531
7.333606719970703
7.333606719970703
8.034700393676758
8.034700393676758
7.905159950256348
7.905159950256348
8.452228546142578
8.452228546142578
9.116376876831055
9.116376876831055
8.991243362426758
8.991243362426758
8.400009155273438
8.400009155273438
9.056931495666504
9.056931495666504
8.93881607055664
8.93881607055664
7.5044941902160645
7.5044941902160645
8.146717071533203
8.146717071533203
8.075096130371094
8.075096130371094
8.521817207336426
8.521817207336426
9.13118839263916
9.13118839263916
8.974424362182617
8.974424362182617
8.469579696655273
8.469579696655273
9.0717191696167
9.0717191696167
8.922030448913574
8.922030448913574
7.4774489402771
7.4774489402771
8.122005462646484
8.122005462646484
7.952538013458252
7.952538013458252
8.648681640625
8.648681640625
9.238202095031738
9.238202095031738
9.048270225524902
9.048270225524902
8.596433639526367
8.596433639526367
9.178718566894531
9.178718566894531
8.995899200439453
8.995899200439453
7.702273368835449
7.702273368835449
8.269760131835938
8.269760131835938
8.134162902832031
8.134162902832031
8.708373069763184
8.708373069763184
9.249393463134766
9.249393463134766
9.02757453918457
9.02757453918457
8.656116485595703
8.656116485595703
9.189898490905762
9.189898490905762
8.975217819213867
8.975217819213867
7.6620635986328125
7.6620635986328125
8.23897933959961
8.23897933959961
8.004823684692383
8.004823684692383
8.73949909210205
8.73949909210205
9.290928840637207
9.290928840637207
9.082141876220703
9.082141876220703
8.68724250793457
8.68724250793457
9.231433868408203
9.231433868408203
9.029786109924316
9.029786109924316
7.793336391448975
7.793336391448975
8.323140144348145
8.323140144348145
8.168635368347168
8.168635368347168
8.749377250671387
8.749377250671387
9.268444061279297
9.268444061279297
9.050651550292969
9.050651550292969
8.697114944458008
8.697114944458008
9.208941459655762
9.208941459655762
8.998308181762695
8.998308181762695
7.702596664428711
7.702596664428711
8.258264541625977
8.258264541625977
8.027623176574707
8.027623176574707
8.70758056640625
8.70758056640625
9.25704574584961
9.25704574584961
9.089897155761719
9.089897155761719
8.655323028564453
8.655323028564453
9.197551727294922
9.197551727294922
9.037542343139648
9.037542343139648
7.762244701385498
7.762244701385498
8.290788650512695
8.290788650512695
8.176998138427734
8.176998138427734
8.701234817504883
8.701234817504883
9.223468780517578
9.223468780517578
9.057093620300293
9.057093620300293
8.648971557617188
8.648971557617188
9.163966178894043
9.163966178894043
9.004751205444336
9.004751205444336
7.6561689376831055
7.6561689376831055
8.215337753295898
8.215337753295898
8.035553932189941
8.035553932189941
8.69381046295166
8.69381046295166
9.237431526184082
9.237431526184082
9.104461669921875
9.104461669921875
8.641550064086914
8.641550064086914
9.17793083190918
9.17793083190918
9.052116394042969
9.052116394042969
7.749795913696289
7.749795913696289
8.272895812988281
8.272895812988281
8.192726135253906
8.192726135253906
8.699357032775879
8.699357032775879
9.212417602539062
9.212417602539062
9.073854446411133
9.073854446411133
8.647090911865234
8.647090911865234
9.152910232543945
9.152910232543945
9.02151870727539
9.02151870727539
7.6550798416137695
7.6550798416137695
8.205554008483887
8.205554008483887
8.053123474121094
8.053123474121094
8.692480087280273
8.692480087280273
9.222299575805664
9.222299575805664
9.12456226348877
9.12456226348877
8.640213012695312
8.640213012695312
9.16279411315918
9.16279411315918
9.072227478027344
9.072227478027344
7.749046325683594
7.749046325683594
8.258737564086914
8.258737564086914
8.21332836151123
8.21332836151123
8.695222854614258
8.695222854614258
9.197877883911133
9.197877883911133
9.146936416625977
9.146936416625977
8.642953872680664
8.642953872680664
9.138364791870117
9.138364791870117
9.094609260559082
9.094609260559082
7.65494441986084
7.65494441986084
8.19719123840332
8.19719123840332
8.131072998046875
8.131072998046875
8.63986587524414
8.63986587524414
9.152012825012207
9.152012825012207
9.408888816833496
9.408888816833496
8.587594985961914
8.587594985961914
9.092498779296875
9.092498779296875
9.356563568115234
9.356563568115234
7.690820693969727
7.690820693969727
8.1730375289917
8.1730375289917
8.486331939697266
8.486331939697266
8.202728271484375
8.202728271484375
8.662208557128906
8.662208557128906
9.182049751281738
9.182049751281738
8.150453567504883
8.150453567504883
8.602690696716309
8.602690696716309
9.129730224609375
9.129730224609375
7.035179138183594
7.035179138183594
7.545474052429199
7.545474052429199
8.023923873901367
8.023923873901367
